<Mach-1 File>
<INFO>
Date:	Tue, Apr 07, 2026
Time:	17:01:03.129
Mach-1 Motion Software Version:	4.5.0.1
Mach-1 System S/N:	MA0561195
Mach-1 System Model:	V500c
Load Cell Name:	100N-SN195168
Load Cell Type:	Single-axis
Load Cell Calibration Factor:	1.003782
Load Cell Offset:	31.000000
Load Cell Calibration Date:	2025-08-20
Load Cell Low-pass filter:	Yes
Load Cell Low-pass filter Order:	3
Load Cell Low-pass filter Cutoff frequency (Hz):	20.00
<END INFO>
<Find Contact>
Stage Axis:	Position (z)
Load Cell Axis:	Fz
Direction:	Positive
Contact Criteria, gf:	1.000000
Stage Velocity, mm/s:	0.2000
Stage Limit, mm:	10.0000
Stage Repositioning:	None
Offset, mm:	0.0000
<DATA>
Time, s	Position (z), mm	Fz, gf
0.000000	16.256000	0.000000
0.010000	16.256000	0.000000
0.020000	16.256000	0.000000
0.030000	16.256000	0.000000
0.040000	16.256000	0.000000
0.050000	16.256000	0.000000
0.060000	16.256000	0.000000
0.070000	16.256000	0.000000
0.080000	16.256000	0.000000
0.090000	16.256000	0.000000
0.100000	16.256000	0.000000
0.110000	16.256000	0.000000
0.120000	16.256000	0.000000
0.130000	16.256000	0.000000
0.140000	16.256000	0.000000
0.150000	16.256000	0.000000
0.160000	16.256000	0.000000
0.170000	16.256000	0.000000
0.180000	16.256000	0.000000
0.190000	16.256000	0.000000
0.200000	16.256000	0.000000
0.210000	16.256002	0.000000
0.220000	16.256121	0.000000
0.230000	16.256373	0.000000
0.240000	16.256960	0.000000
0.250000	16.258654	0.000000
0.260000	16.261204	0.000000
0.270000	16.263877	0.000000
0.280000	16.266319	0.000000
0.290000	16.268578	0.000000
0.300000	16.270767	0.000000
0.310000	16.272932	0.000000
0.320000	16.275033	0.000000
0.330000	16.277124	0.000000
0.340000	16.279227	0.000000
0.350000	16.281349	0.000000
0.360000	16.283458	0.000000
0.370000	16.285467	0.000000
0.380000	16.287467	0.000000
0.390000	16.289523	0.501891
0.400000	16.291610	0.501891
0.410000	16.293656	0.000000
0.420000	16.295675	0.000000
0.430000	16.297662	0.000000
0.440000	16.299649	0.000000
0.450000	16.301648	0.000000
0.460000	16.303647	0.000000
0.470000	16.305650	0.000000
0.480000	16.307722	0.000000
0.490000	16.309966	0.000000
0.500000	16.312292	0.000000
0.510000	16.314461	0.000000
0.520000	16.316487	0.000000
0.530000	16.318416	0.000000
0.540000	16.320374	0.000000
0.550000	16.322417	0.000000
0.560000	16.324449	0.000000
0.570000	16.326430	0.000000
0.580000	16.328259	0.000000
0.590000	16.329869	0.000000
0.600000	16.331609	0.000000
0.610000	16.333576	0.000000
0.620000	16.335649	0.000000
0.630000	16.337698	0.000000
0.640000	16.339702	0.000000
0.650000	16.341693	0.000000
0.660000	16.343697	0.000000
0.670000	16.345783	0.000000
0.680000	16.347883	0.000000
0.690000	16.349809	0.000000
0.700000	16.351725	0.000000
0.710000	16.353699	0.000000
0.720000	16.355746	0.000000
0.730000	16.357928	0.000000
0.740000	16.360160	0.000000
0.750000	16.362356	0.000000
0.760000	16.364443	0.000000
0.770000	16.366434	0.000000
0.780000	16.368375	0.000000
0.790000	16.370222	0.000000
0.800000	16.371891	0.000000
0.810000	16.373591	0.000000
0.820000	16.375529	0.000000
0.830000	16.377616	0.000000
0.840000	16.379674	0.000000
0.850000	16.381690	0.000000
0.860000	16.383739	0.000000
0.870000	16.385782	0.000000
0.880000	16.387746	0.000000
0.890000	16.389674	0.000000
0.900000	16.391627	0.000000
0.910000	16.393603	0.000000
0.920000	16.395630	0.501891
0.930000	16.397668	0.501891
0.940000	16.399692	0.000000
0.950000	16.401654	0.000000
0.960000	16.403607	0.000000
0.970000	16.405580	0.000000
0.980000	16.407620	0.000000
0.990000	16.409686	0.000000
1.000000	16.411718	0.000000
1.010000	16.413664	0.000000
1.020000	16.415630	0.000000
1.030000	16.417688	0.000000
1.040000	16.419939	0.000000
1.050000	16.422287	0.000000
1.060000	16.424468	0.000000
1.070000	16.426464	0.000000
1.080000	16.428408	0.000000
1.090000	16.430396	0.000000
1.100000	16.432353	0.000000
1.110000	16.434068	0.000000
1.120000	16.435678	0.000000
1.130000	16.437557	0.000000
1.140000	16.439641	0.000000
1.150000	16.441714	0.000000
1.160000	16.443756	0.000000
1.170000	16.445729	0.000000
1.180000	16.447688	0.000000
1.190000	16.449698	0.000000
1.200000	16.451701	0.000000
1.210000	16.453695	0.000000
1.220000	16.455703	0.000000
1.230000	16.457822	0.000000
1.240000	16.459980	0.000000
1.250000	16.462076	0.000000
1.260000	16.464091	0.000000
1.270000	16.465914	0.000000
1.280000	16.467765	0.000000
1.290000	16.469899	0.000000
1.300000	16.472183	0.000000
1.310000	16.474396	0.000000
1.320000	16.476444	0.000000
1.330000	16.478370	0.000000
1.340000	16.480186	0.000000
1.350000	16.481886	0.000000
1.360000	16.483739	0.000000
1.370000	16.485782	0.000000
1.380000	16.487771	0.000000
1.390000	16.489719	0.000000
1.400000	16.491679	0.000000
1.410000	16.493695	0.000000
1.420000	16.495702	0.000000
1.430000	16.497676	0.000000
1.440000	16.499664	0.000000
1.450000	16.501667	0.000000
1.460000	16.503695	0.000000
1.470000	16.505705	0.000000
1.480000	16.507675	0.000000
1.490000	16.509696	0.000000
1.500000	16.511898	0.000000
1.510000	16.514232	0.000000
1.520000	16.516398	0.000000
1.530000	16.518229	0.000000
1.540000	16.519802	0.000000
1.550000	16.521529	0.000000
1.560000	16.523515	0.000000
1.570000	16.525576	0.000000
1.580000	16.527616	0.000000
1.590000	16.529635	0.000000
1.600000	16.531655	0.000000
1.610000	16.533671	0.000000
1.620000	16.535717	0.000000
1.630000	16.537792	0.000000
1.640000	16.539755	0.000000
1.650000	16.541656	0.000000
1.660000	16.543620	0.000000
1.670000	16.545617	0.000000
1.680000	16.547601	0.000000
1.690000	16.549574	0.000000
1.700000	16.551529	0.000000
1.710000	16.553487	0.000000
1.720000	16.555478	0.000000
1.730000	16.557470	0.000000
1.740000	16.559508	0.000000
1.750000	16.561549	0.000000
1.760000	16.563511	0.000000
1.770000	16.565481	0.000000
1.780000	16.567528	0.000000
1.790000	16.569594	0.000000
1.800000	16.571650	0.000000
1.810000	16.573706	0.000000
1.820000	16.575727	0.000000
1.830000	16.577701	0.000000
1.840000	16.579685	0.000000
1.850000	16.581749	0.501891
1.860000	16.583915	0.000000
1.870000	16.586255	0.000000
1.880000	16.588535	0.000000
1.890000	16.590595	0.000000
1.900000	16.592489	0.000000
1.910000	16.594387	0.000000
1.920000	16.596321	0.000000
1.930000	16.598117	0.000000
1.940000	16.599810	0.000000
1.950000	16.601718	0.000000
1.960000	16.603724	0.000000
1.970000	16.605708	0.501891
1.980000	16.607688	0.000000
1.990000	16.609720	0.000000
2.000000	16.611740	0.000000
2.010000	16.613706	0.000000
2.020000	16.615692	0.000000
2.030000	16.617702	0.000000
2.040000	16.619807	0.501891
2.050000	16.622139	0.000000
2.060000	16.624402	0.000000
2.070000	16.626433	0.000000
2.080000	16.628323	0.000000
2.090000	16.630242	0.000000
2.100000	16.632230	0.000000
2.110000	16.634199	0.000000
2.120000	16.636151	0.000000
2.130000	16.638283	0.000000
2.140000	16.640452	0.000000
2.150000	16.642490	0.000000
2.160000	16.644412	0.000000
2.170000	16.646364	0.000000
2.180000	16.648378	0.000000
2.190000	16.650390	0.000000
2.200000	16.652279	0.000000
2.210000	16.654011	0.000000
2.220000	16.655843	0.000000
2.230000	16.657985	0.000000
2.240000	16.660264	0.000000
2.250000	16.662393	0.000000
2.260000	16.664278	0.000000
2.270000	16.666020	0.000000
2.280000	16.667748	0.000000
2.290000	16.669609	0.000000
2.300000	16.671609	0.000000
2.310000	16.673625	0.000000
2.320000	16.675660	0.000000
2.330000	16.677794	0.000000
2.340000	16.680036	0.000000
2.350000	16.682275	0.000000
2.360000	16.684335	0.000000
2.370000	16.686043	0.000000
2.380000	16.687666	0.000000
2.390000	16.689472	0.000000
2.400000	16.691477	0.000000
2.410000	16.693576	0.000000
2.420000	16.695642	0.000000
2.430000	16.697677	0.000000
2.440000	16.699736	0.000000
2.450000	16.701802	0.000000
2.460000	16.703965	0.000000
2.470000	16.706175	0.000000
2.480000	16.708249	0.000000
2.490000	16.710067	0.000000
2.500000	16.711780	0.000000
2.510000	16.713657	0.000000
2.520000	16.715678	0.000000
2.530000	16.717687	0.000000
2.540000	16.719684	0.000000
2.550000	16.721674	0.000000
2.560000	16.723680	0.000000
2.570000	16.725675	0.000000
2.580000	16.727687	0.000000
2.590000	16.729717	0.000000
2.600000	16.731831	0.000000
2.610000	16.734106	0.000000
2.620000	16.736346	0.000000
2.630000	16.738332	0.000000
2.640000	16.740019	0.000000
2.650000	16.741713	0.000000
2.660000	16.743639	0.000000
2.670000	16.745671	0.000000
2.680000	16.747702	0.000000
2.690000	16.749728	0.000000
2.700000	16.751762	0.000000
2.710000	16.753782	0.000000
2.720000	16.755750	0.000000
2.730000	16.757725	0.000000
2.740000	16.759711	0.000000
2.750000	16.761716	0.000000
2.760000	16.763751	0.000000
2.770000	16.765926	0.000000
2.780000	16.768218	0.000000
2.790000	16.770366	0.000000
2.800000	16.772230	0.000000
2.810000	16.773903	0.000000
2.820000	16.775664	0.000000
2.830000	16.777645	0.000000
2.840000	16.779683	0.000000
2.850000	16.781700	0.000000
2.860000	16.783679	0.000000
2.870000	16.785661	0.000000
2.880000	16.787678	0.000000
2.890000	16.789689	0.000000
2.900000	16.791603	0.000000
2.910000	16.793550	0.000000
2.920000	16.795588	0.000000
2.930000	16.797644	0.000000
2.940000	16.799646	0.000000
2.950000	16.801591	0.000000
2.960000	16.803618	0.000000
2.970000	16.805843	0.000000
2.980000	16.808252	0.000000
2.990000	16.810510	0.000000
3.000000	16.812527	0.000000
3.010000	16.814443	0.000000
3.020000	16.816378	0.000000
3.030000	16.818255	0.000000
3.040000	16.819971	0.000000
3.050000	16.821710	0.000000
3.060000	16.823611	0.000000
3.070000	16.825632	0.000000
3.080000	16.827673	0.000000
3.090000	16.829697	0.000000
3.100000	16.831702	0.000000
3.110000	16.833701	0.000000
3.120000	16.835704	0.000000
3.130000	16.837705	0.000000
3.140000	16.839738	0.000000
3.150000	16.841963	0.000000
3.160000	16.844280	0.000000
3.170000	16.846408	0.000000
3.180000	16.848366	0.000000
3.190000	16.850160	0.000000
3.200000	16.851840	0.000000
3.210000	16.853655	0.000000
3.220000	16.855601	0.000000
3.230000	16.857591	0.000000
3.240000	16.859641	0.000000
3.250000	16.861694	0.000000
3.260000	16.863746	0.000000
3.270000	16.865781	0.000000
3.280000	16.867726	0.000000
3.290000	16.869660	0.000000
3.300000	16.871654	0.000000
3.310000	16.873678	0.000000
3.320000	16.875719	0.000000
3.330000	16.877833	0.000000
3.340000	16.880102	0.000000
3.350000	16.882380	0.000000
3.360000	16.884480	0.000000
3.370000	16.886455	0.000000
3.380000	16.888394	0.000000
3.390000	16.890286	0.000000
3.400000	16.892114	0.000000
3.410000	16.893883	0.000000
3.420000	16.895705	0.000000
3.430000	16.897668	0.000000
3.440000	16.899755	0.000000
3.450000	16.901786	0.000000
3.460000	16.903751	0.000000
3.470000	16.905764	0.000000
3.480000	16.907774	0.000000
3.490000	16.909774	0.501891
3.500000	16.911914	0.501891
3.510000	16.914224	0.501891
3.520000	16.916437	0.501891
3.530000	16.918478	0.501891
3.540000	16.920461	0.501891
3.550000	16.922461	0.501891
3.560000	16.924462	0.501891
3.570000	16.926444	0.501891
3.580000	16.928403	0.501891
3.590000	16.930246	0.501891
3.600000	16.931900	0.501891
3.610000	16.933619	0.501891
3.620000	16.935548	1.003782
3.630000	16.937568	1.003782
3.640000	16.939621	1.003782
3.650000	16.941661	1.003782
3.660000	16.943665	1.003782
3.670000	16.945665	1.003782
3.680000	16.947685	1.003782
3.690000	16.949691	1.003782
3.700000	16.951689	1.003782
3.710000	16.953746	1.003782
3.720000	16.955883	1.003782
3.730000	16.957945	1.003782
3.740000	16.959394	1.003782
3.750000	16.960038	1.003782
3.760000	16.960121	1.003782
3.770000	16.960029	1.003782
3.780000	16.959974	1.003782
3.790000	16.959977	1.003782
<END DATA>
<INFO>
Date:	Tue, Apr 07, 2026
Time:	17:01:06.929
Mach-1 Motion Software Version:	4.5.0.1
Mach-1 System S/N:	MA0561195
Mach-1 System Model:	V500c
Load Cell Name:	100N-SN195168
Load Cell Type:	Single-axis
Load Cell Calibration Factor:	1.003782
Load Cell Offset:	31.000000
Load Cell Calibration Date:	2025-08-20
Load Cell Low-pass filter:	Yes
Load Cell Low-pass filter Order:	3
Load Cell Low-pass filter Cutoff frequency (Hz):	20.00
<END INFO>
<Sinusoid>
Stage Axis:	Position (z)
Amplitude, mm:	3.0000
Frequency, Hz:	1.66700
Number of Cycles:	5
<DATA>
Time, s	Position (z), mm	Fz, gf
0.000000	16.959996	1.003782
0.010000	16.960004	1.003782
0.020000	16.960003	1.003782
0.030000	16.960000	1.003782
0.040000	16.959999	1.003782
0.050000	16.960000	1.003782
0.060000	16.960000	1.003782
0.070000	16.960000	1.003782
0.080000	16.960000	1.003782
0.090000	16.959966	1.003782
0.100000	16.959754	1.003782
0.110000	16.959540	1.003782
0.120000	16.959461	1.003782
0.130000	16.959473	1.003782
0.140000	16.959499	1.003782
0.150000	16.959507	1.003782
0.160000	16.959504	1.003782
0.170000	16.959500	1.003782
0.180000	16.959499	1.003782
0.190000	16.959499	1.003782
0.200000	16.959500	1.003782
0.210000	16.959500	1.003782
0.220000	16.959500	1.003782
0.230000	16.959500	1.003782
0.240000	16.959500	1.003782
0.250000	16.959500	1.003782
0.260000	16.959498	1.003782
0.270000	16.959360	1.003782
0.280000	16.959118	1.003782
0.290000	16.958979	1.003782
0.300000	16.958963	1.003782
0.310000	16.958989	1.003782
0.320000	16.959006	1.003782
0.330000	16.959006	1.003782
0.340000	16.959001	1.003782
0.350000	16.958999	1.003782
0.360000	16.958999	1.003782
0.370000	16.959000	1.003782
0.380000	16.959000	1.003782
0.390000	16.959000	1.003782
0.400000	16.959000	1.003782
0.410000	16.959000	1.003782
0.420000	16.959000	1.003782
0.430000	16.959000	1.003782
0.440000	16.959000	1.003782
0.450000	16.959000	1.003782
0.460000	16.959000	1.003782
0.470000	16.959000	1.003782
0.480000	16.959000	1.003782
0.490000	16.959000	1.003782
0.500000	16.959000	1.003782
0.510000	16.959000	1.003782
0.520000	16.959000	1.003782
0.530000	16.959000	1.003782
0.540000	16.959000	1.003782
0.550000	16.959000	1.003782
0.560000	16.959000	1.003782
0.570000	16.959000	1.003782
0.580000	16.959000	1.003782
0.590000	16.959000	1.003782
0.600000	16.960000	1.003782
0.610000	16.960000	1.003782
0.620000	16.960000	1.003782
0.630000	16.960000	1.003782
0.640000	16.960000	1.003782
0.650000	16.960000	1.003782
0.660000	16.960000	1.003782
0.670000	16.960000	1.003782
0.680000	16.960000	1.003782
0.690000	16.960000	1.003782
0.700000	16.960000	1.003782
0.710000	16.960000	1.003782
0.720000	16.960000	1.003782
0.730000	16.960000	1.003782
0.740000	16.960000	1.003782
0.750000	16.960000	1.003782
0.760000	16.960000	1.003782
0.770000	16.960000	1.003782
0.780000	16.960000	1.003782
0.790000	16.960000	1.003782
0.800000	16.960000	1.003782
0.810000	16.960000	1.003782
0.820000	16.960000	1.003782
0.830000	16.960000	1.003782
0.840000	16.960000	1.003782
0.850000	16.960000	1.003782
0.860000	16.960000	1.003782
0.870000	16.960000	1.003782
0.880000	16.960000	1.003782
0.890000	16.960000	1.003782
0.900000	16.960000	1.003782
0.910000	16.960000	1.003782
0.920000	16.960000	1.003782
0.930000	16.960000	1.003782
0.940000	16.960000	1.003782
0.950000	16.960000	1.003782
0.960000	16.960000	1.003782
0.970000	16.960000	1.003782
0.980000	16.960000	1.003782
0.990000	16.960000	1.003782
1.000000	16.960000	1.003782
1.010000	16.960000	1.003782
1.020000	16.960000	1.003782
1.030000	16.960000	1.003782
1.040000	16.960000	1.003782
1.050000	16.960000	1.003782
1.060000	16.960000	1.003782
1.070000	16.960000	1.003782
1.080000	16.960000	1.003782
1.090000	16.960000	1.003782
1.100000	16.960000	1.003782
1.110000	16.960000	1.003782
1.120000	16.960000	1.003782
1.130000	16.960000	1.003782
1.140000	16.960000	1.003782
1.150000	16.960000	1.003782
1.160000	16.960000	1.003782
1.170000	16.960168	1.003782
1.180000	16.964461	2.007563
1.190000	16.986268	3.011345
1.200000	17.040467	6.022690
1.210000	17.140278	10.037816
1.220000	17.295407	16.562396
1.230000	17.506139	24.090758
1.240000	17.762511	33.626684
1.250000	18.049997	43.664499
1.260000	18.354128	54.204206
1.270000	18.661767	64.743913
1.280000	18.961100	74.781729
1.290000	19.239335	83.313873
1.300000	19.483250	89.838453
1.310000	19.679855	94.857361
1.320000	19.819570	97.868706
1.330000	19.904158	99.374378
1.340000	19.946042	99.374378
1.350000	19.960603	98.370597
1.360000	19.962128	97.366815
1.370000	19.960554	96.864924
1.380000	19.959858	95.861143
1.390000	19.960108	94.857361
1.400000	19.960470	94.355470
1.410000	19.959559	93.351689
1.420000	19.948510	91.846016
1.430000	19.912168	89.336562
1.440000	19.836674	84.819545
1.450000	19.710173	78.796855
1.460000	19.526584	70.766603
1.470000	19.291199	60.728787
1.480000	19.017136	50.690971
1.490000	18.719518	39.649373
1.500000	18.411900	29.611557
1.510000	18.102828	19.573741
1.520000	17.795055	10.037816
1.530000	17.488210	3.011345
1.540000	17.181357	-0.501891
1.550000	16.874220	-0.501891
1.560000	16.567048	0.000000
1.570000	16.259973	0.000000
1.580000	15.952778	0.000000
1.590000	15.645681	0.000000
1.600000	15.339270	0.000000
1.610000	15.038138	0.501891
1.620000	14.753359	1.003782
1.630000	14.498815	1.505672
1.640000	14.288402	2.007563
1.650000	14.133065	2.007563
1.660000	14.034165	1.505672
1.670000	13.981924	1.003782
1.680000	13.961340	0.501891
1.690000	13.957365	0.501891
1.700000	13.958590	0.000000
1.710000	13.959566	0.000000
1.720000	13.960181	0.000000
1.730000	13.969204	1.003782
1.740000	14.002567	1.505672
1.750000	14.074535	2.007563
1.760000	14.197049	2.007563
1.770000	14.376598	2.007563
1.780000	14.608471	1.505672
1.790000	14.880073	1.003782
1.800000	15.176440	0.501891
1.810000	15.483787	0.000000
1.820000	15.792786	0.000000
1.830000	16.100492	0.000000
1.840000	16.407357	0.000000
1.850000	16.714173	0.000000
1.860000	17.021494	3.011345
1.870000	17.328742	11.041598
1.880000	17.635692	23.086977
1.890000	17.942659	35.634247
1.900000	18.249729	47.177735
1.910000	18.556550	57.717442
1.920000	18.858501	67.253367
1.930000	19.145038	76.287401
1.940000	19.402600	83.815763
1.950000	19.617283	89.838453
1.960000	19.777411	93.853579
1.970000	19.880083	95.861143
1.980000	19.935178	96.363033
1.990000	19.957504	96.363033
2.000000	19.962033	95.359252
2.010000	19.960846	94.857361
2.020000	19.959874	93.853579
2.030000	19.959989	93.351689
2.040000	19.960396	92.347907
2.050000	19.960584	91.846016
2.060000	19.960101	91.344125
2.070000	19.952917	89.838453
2.080000	19.924626	87.830890
2.090000	19.860660	83.815763
2.100000	19.748412	78.294965
2.110000	19.579460	70.766603
2.120000	19.356382	61.732568
2.130000	19.090939	51.192861
2.140000	18.798077	40.653155
2.150000	18.491972	30.113448
2.160000	18.182830	20.075632
2.170000	17.874728	11.041598
2.180000	17.567800	3.513236
2.190000	17.261090	-0.501891
2.200000	16.954063	-0.501891
2.210000	16.646886	0.000000
2.220000	16.339795	0.000000
2.230000	16.032563	0.000000
2.240000	15.725351	0.000000
2.250000	15.418475	0.000000
2.260000	15.115168	0.501891
2.270000	14.824978	1.003782
2.280000	14.561325	1.505672
2.290000	14.338205	2.007563
2.300000	14.167872	2.509454
2.310000	14.054880	2.007563
2.320000	13.991904	1.505672
2.330000	13.964604	1.003782
2.340000	13.957527	0.501891
2.350000	13.958115	0.000000
2.360000	13.959217	0.000000
2.370000	13.960396	0.501891
2.380000	13.971425	1.003782
2.390000	14.008451	1.505672
2.400000	14.085476	2.007563
2.410000	14.214104	2.007563
2.420000	14.399872	2.007563
2.430000	14.636844	1.505672
2.440000	14.911900	1.003782
2.450000	15.210120	0.501891
2.460000	15.517982	0.000000
2.470000	15.826898	0.000000
2.480000	16.134460	0.000000
2.490000	16.441285	0.000000
2.500000	16.748125	0.501891
2.510000	17.055299	3.011345
2.520000	17.362572	11.041598
2.530000	17.669659	23.086977
2.540000	17.976635	35.132356
2.550000	18.283699	46.675844
2.560000	18.590297	57.215551
2.570000	18.891170	67.253367
2.580000	19.175202	75.785511
2.590000	19.428645	83.313873
2.600000	19.637762	88.834671
2.610000	19.791402	92.347907
2.620000	19.888231	94.355470
2.630000	19.938976	94.857361
2.640000	19.958723	94.857361
2.650000	19.962261	93.853579
2.660000	19.960884	93.351689
2.670000	19.959906	92.347907
2.680000	19.960016	91.846016
2.690000	19.960402	91.344125
2.700000	19.959723	90.340344
2.710000	19.950013	88.834671
2.720000	19.916525	86.325217
2.730000	19.845114	82.310091
2.740000	19.723550	76.287401
2.750000	19.544974	68.257149
2.760000	19.313751	59.223114
2.770000	19.042538	48.683407
2.780000	18.746487	38.143701
2.790000	18.439340	27.603994
2.800000	18.130247	18.068069
2.810000	17.822374	9.034034
2.820000	17.515513	2.007563
2.830000	17.208721	-0.501891
2.840000	16.901630	-0.501891
2.850000	16.594506	0.000000
2.860000	16.287432	0.000000
2.870000	15.980247	0.000000
2.880000	15.673096	0.000000
2.890000	15.366405	0.000000
2.900000	15.064430	0.501891
2.910000	14.777749	1.003782
2.920000	14.520049	1.505672
2.930000	14.305182	2.007563
2.940000	14.144665	2.007563
2.950000	14.041008	2.007563
2.960000	13.985178	1.003782
2.970000	13.962375	0.501891
2.980000	13.957418	0.501891
2.990000	13.958458	0.000000
3.000000	13.959536	0.000000
3.010000	13.961293	0.501891
3.020000	13.975364	1.003782
3.030000	14.017859	1.505672
3.040000	14.102396	1.505672
3.050000	14.240037	2.007563
3.060000	14.434691	2.007563
3.070000	14.678826	1.505672
3.080000	14.958573	0.501891
3.090000	15.259112	0.000000
3.100000	15.567521	0.000000
3.110000	15.876317	0.000000
3.120000	16.183754	0.000000
3.130000	16.490557	0.000000
3.140000	16.797430	0.000000
3.150000	17.104586	3.513236
3.160000	17.411715	12.045379
3.170000	17.718752	24.090758
3.180000	18.025805	36.136138
3.190000	18.332978	47.679626
3.200000	18.639217	58.219333
3.210000	18.938192	67.755258
3.220000	19.218268	76.287401
3.230000	19.465525	83.815763
3.240000	19.666368	88.834671
3.250000	19.810579	92.347907
3.260000	19.899130	93.853579
3.270000	19.943850	94.355470
3.280000	19.960044	94.355470
3.290000	19.962194	93.351689
3.300000	19.960666	92.849798
3.310000	19.959872	91.846016
3.320000	19.960077	90.842235
3.330000	19.960447	90.842235
3.340000	19.959564	89.838453
3.350000	19.948820	88.332781
3.360000	19.913367	85.823327
3.370000	19.839261	81.306309
3.380000	19.714355	75.283620
3.390000	19.532348	67.755258
3.400000	19.298282	58.219333
3.410000	19.025216	47.679626
3.420000	18.728118	37.139919
3.430000	18.420645	26.600212
3.440000	18.111587	17.064287
3.450000	17.803831	8.030253
3.460000	17.497006	1.505672
3.470000	17.190160	-0.501891
3.480000	16.883056	-0.501891
3.490000	16.575896	0.000000
3.500000	16.268805	0.000000
3.510000	15.961666	0.000000
3.520000	15.654564	0.000000
3.530000	15.348017	0.000000
3.540000	15.046595	0.501891
3.550000	14.761236	1.003782
3.560000	14.505737	1.505672
3.570000	14.293858	2.007563
3.580000	14.136790	2.007563
3.590000	14.036410	2.007563
3.600000	13.983051	1.003782
3.610000	13.961733	0.501891
3.620000	13.957379	0.501891
3.630000	13.958523	0.000000
3.640000	13.959539	0.000000
3.650000	13.959832	0.000000
3.660000	13.966244	1.003782
3.670000	13.994222	1.505672
3.680000	14.058415	2.007563
3.690000	14.171193	2.007563
3.700000	14.340508	2.007563
3.710000	14.563834	1.505672
3.720000	14.829457	1.003782
3.730000	15.122428	0.501891
3.740000	15.428622	0.501891
3.750000	15.737681	0.000000
3.760000	16.045621	0.000000
3.770000	16.352567	0.000000
3.780000	16.659336	0.000000
3.790000	16.966420	1.003782
3.800000	17.273653	7.026471
3.810000	17.580752	17.566178
3.820000	17.887809	30.113448
3.830000	18.194916	42.158827
3.840000	18.501990	53.200425
3.850000	18.805398	63.238241
3.860000	19.095605	72.272275
3.870000	19.359322	80.302528
3.880000	19.582563	86.325217
3.890000	19.753002	90.842235
3.900000	19.865574	92.849798
3.910000	19.928188	93.853579
3.920000	19.955243	93.853579
3.930000	19.962028	93.351689
3.940000	19.961295	92.347907
3.950000	19.960044	91.846016
3.960000	19.959930	90.842235
3.970000	19.959968	90.340344
3.980000	19.953936	88.834671
3.990000	19.927565	86.827108
4.000000	19.866363	83.313873
4.010000	19.757764	77.793074
4.020000	19.592830	70.264712
4.030000	19.373214	61.230677
4.040000	19.110222	50.690971
4.050000	18.818760	40.151264
4.060000	18.513112	29.611557
4.070000	18.203984	19.573741
4.080000	17.895830	10.539707
4.090000	17.588880	3.011345
4.100000	17.282147	-0.501891
4.110000	16.975118	-0.501891
4.120000	16.667938	0.000000
4.130000	16.360813	0.000000
4.140000	16.053673	0.000000
4.150000	15.746563	0.000000
4.160000	15.439683	0.000000
4.170000	15.135834	0.501891
4.180000	14.844272	1.003782
4.190000	14.578287	1.505672
4.200000	14.351937	2.007563
4.210000	14.177756	2.007563
4.220000	14.061021	2.007563
4.230000	13.995008	1.505672
4.240000	13.965717	1.003782
4.250000	13.957704	0.501891
4.260000	13.958064	0.000000
4.270000	13.959366	0.000000
4.280000	13.959624	0.000000
4.290000	13.962024	0.501891
4.300000	13.979558	1.003782
4.310000	14.027714	1.505672
4.320000	14.119721	2.007563
4.330000	14.266023	2.007563
4.340000	14.468802	1.505672
4.350000	14.719227	1.003782
4.360000	15.003011	0.501891
4.370000	15.305459	0.501891
4.380000	15.613302	0.000000
4.390000	15.914713	-0.501891
4.400000	16.197103	-1.003782
4.410000	16.447313	-1.505672
4.420000	16.652219	-2.007563
4.430000	16.801017	-2.007563
4.440000	16.893670	-1.505672
4.450000	16.941359	-1.003782
4.460000	16.959398	-0.501891
4.470000	16.962294	0.000000
4.480000	16.960817	0.000000
4.490000	16.959895	0.000000
4.500000	16.960038	0.000000
4.510000	16.960423	0.000000
4.520000	16.960588	0.000000
4.530000	16.960564	0.000000
4.540000	16.960506	0.000000
4.550000	16.960485	0.000000
4.560000	16.960491	0.000000
4.570000	16.960500	0.000000
4.580000	16.960503	0.000000
4.590000	16.960501	0.000000
4.600000	16.960500	0.000000
4.610000	16.960500	0.000000
4.620000	16.960500	0.000000
4.630000	16.960500	0.000000
4.640000	16.960500	0.000000
4.650000	16.960500	0.000000
4.660000	16.960500	0.000000
4.670000	16.960500	0.000000
4.680000	16.960500	0.000000
4.690000	16.960500	0.000000
4.700000	16.960500	0.000000
4.710000	16.960500	0.000000
4.720000	16.960500	0.000000
4.730000	16.960500	0.000000
4.740000	16.960500	0.000000
4.750000	16.960500	0.000000
4.760000	16.960500	0.000000
4.770000	16.960426	0.000000
4.780000	16.960189	0.000000
4.790000	16.960007	0.000000
4.800000	16.959959	0.000000
4.810000	16.959981	0.000000
4.820000	16.960003	0.000000
4.830000	16.960007	0.000000
4.840000	16.960003	0.000000
4.850000	16.959999	0.000000
4.860000	16.959999	0.000000
4.870000	16.960000	0.000000
4.880000	16.960000	0.000000
4.890000	16.960000	0.000000
<END DATA>
