0.000000	17.153500	1.003782
0.010000	17.153500	1.003782
0.020000	17.153500	1.003782
0.030000	17.153500	0.501891
0.040000	17.153500	0.501891
0.050000	17.153500	1.003782
0.060000	17.153500	1.003782
0.070000	17.153500	1.003782
0.080000	17.153500	1.003782
0.090000	17.153500	1.003782
0.100000	17.154000	1.003782
0.110000	17.154000	1.003782
0.120000	17.154000	1.003782
0.130000	17.154000	1.003782
0.140000	17.154000	1.003782
0.150000	17.154000	1.003782
0.160000	17.154000	1.003782
0.170000	17.154000	1.003782
0.180000	17.154000	1.003782
0.190000	17.154000	0.501891
0.200000	17.154000	0.501891
0.210000	17.154000	1.003782
0.220000	17.154000	0.501891
0.230000	17.154000	0.501891
0.240000	17.154000	0.501891
0.250000	17.154000	0.501891
0.260000	17.154000	0.501891
0.270000	17.154000	1.003782
0.280000	17.154000	1.003782
0.290000	17.154000	1.003782
0.300000	17.154000	1.003782
0.310000	17.154000	1.003782
0.320000	17.154000	1.003782
0.330000	17.154000	1.003782
0.340000	17.154000	1.003782
0.350000	17.154000	1.003782
0.360000	17.154000	1.003782
0.370000	17.154000	1.003782
0.380000	17.154000	1.003782
0.390000	17.154000	1.003782
0.400000	17.154000	1.003782
0.410000	17.154000	1.003782
0.420000	17.154000	1.003782
0.430000	17.154000	1.003782
0.440000	17.154000	1.003782
0.450000	17.154000	0.501891
0.460000	17.154000	1.003782
0.470000	17.154000	1.003782
0.480000	17.154000	1.003782
0.490000	17.154000	1.003782
0.500000	17.154000	0.501891
0.510000	17.154000	1.003782
0.520000	17.154000	1.003782
0.530000	17.154000	1.003782
0.540000	17.154000	1.003782
0.550000	17.154000	1.003782
0.560000	17.154000	1.003782
0.570000	17.154000	1.003782
0.580000	17.154000	1.003782
0.590000	17.154000	1.003782
0.600000	17.154000	1.003782
0.610000	17.154000	1.003782
0.620000	17.154000	1.003782
0.630000	17.154000	1.003782
0.640000	17.154000	1.003782
0.650000	17.154000	1.003782
0.660000	17.154000	1.003782
0.670000	17.154000	1.003782
0.680000	17.154000	1.003782
0.690000	17.154000	1.003782
0.700000	17.154000	1.003782
0.710000	17.154000	1.003782
0.720000	17.154000	1.003782
0.730000	17.154000	0.501891
0.740000	17.154000	1.003782
0.750000	17.154000	1.003782
0.760000	17.154000	1.003782
0.770000	17.154000	1.003782
0.780000	17.154000	1.003782
0.790000	17.154000	1.003782
0.800000	17.154000	1.003782
0.810000	17.154000	1.003782
0.820000	17.154000	1.003782
0.830000	17.154000	1.003782
0.840000	17.154000	1.003782
0.850000	17.154000	1.003782
0.860000	17.154000	1.003782
0.870000	17.154000	1.003782
0.880000	17.154000	1.003782
0.890000	17.154000	1.003782
0.900000	17.154000	1.003782
0.910000	17.154000	1.003782
0.920000	17.154000	1.003782
0.930000	17.154000	1.003782
0.940000	17.154000	1.003782
0.950000	17.154000	0.501891
0.960000	17.154000	0.501891
0.970000	17.154000	1.003782
0.980000	17.154000	1.003782
0.990000	17.154000	1.003782
1.000000	17.154000	1.003782
1.010000	17.154000	1.003782
1.020000	17.154000	1.003782
1.030000	17.154000	1.003782
1.040000	17.154000	1.003782
1.050000	17.154000	1.003782
1.060000	17.154000	1.003782
1.070000	17.154000	1.003782
1.080000	17.154000	1.003782
1.090000	17.154000	0.501891
1.100000	17.154000	0.501891
1.110000	17.154000	1.003782
1.120000	17.154000	1.003782
1.130000	17.154000	1.003782
1.140000	17.154000	1.003782
1.150000	17.154000	1.003782
1.160000	17.154000	1.003782
1.170000	17.154000	1.003782
1.180000	17.154080	1.003782
1.190000	17.155990	1.003782
1.200000	17.166269	1.505672
1.210000	17.190782	2.007563
1.220000	17.233418	3.011345
1.230000	17.298154	4.015126
1.240000	17.389193	5.520799
1.250000	17.510953	7.026471
1.260000	17.667147	9.034034
1.270000	17.857924	11.041598
1.280000	18.079430	13.551052
1.290000	18.326420	16.060506
1.300000	18.593805	19.071850
1.310000	18.877037	22.083195
1.320000	19.171663	25.094540
1.330000	19.473182	28.105885
1.340000	19.777032	31.117230
1.350000	20.079337	33.626684
1.360000	20.375600	36.638028
1.370000	20.661156	39.147482
1.380000	20.931542	41.155046
1.390000	21.182142	43.664499
1.400000	21.408440	45.170172
1.410000	21.605741	46.675844
1.420000	21.769902	47.679626
1.430000	21.898871	48.683407
1.440000	21.994892	49.185298
1.450000	22.062792	49.687189
1.460000	22.107961	49.687189
1.470000	22.135371	49.687189
1.480000	22.149532	49.687189
1.490000	22.154738	49.185298
1.500000	22.155476	49.185298
1.510000	22.155039	48.683407
1.520000	22.154807	48.683407
1.530000	22.154871	48.181517
1.540000	22.154955	48.181517
1.550000	22.154587	47.679626
1.560000	22.150696	47.177735
1.570000	22.136401	46.675844
1.580000	22.106632	45.672063
1.590000	22.057742	44.668281
1.600000	21.985715	43.162609
1.610000	21.886071	41.656936
1.620000	21.754267	39.649373
1.630000	21.587414	37.641810
1.640000	21.386925	35.634247
1.650000	21.157160	33.124793
1.660000	20.903539	30.615339
1.670000	20.631095	28.105885
1.680000	20.344220	25.094540
1.690000	20.047142	22.083195
1.700000	19.744613	19.071850
1.710000	19.440434	15.558615
1.720000	19.136284	12.547270
1.730000	18.832610	9.535925
1.740000	18.529383	6.524580
1.750000	18.226086	3.513236
1.760000	17.922404	1.003782
1.770000	17.618926	0.000000
1.780000	17.315509	0.000000
1.790000	17.011812	0.000000
1.800000	16.708304	0.000000
1.810000	16.405015	0.000000
1.820000	16.101488	0.000000
1.830000	15.797944	0.000000
1.840000	15.494604	0.000000
1.850000	15.191088	0.000000
1.860000	14.887386	0.000000
1.870000	14.584026	0.000000
1.880000	14.282055	0.000000
1.890000	13.984758	0.501891
1.900000	13.696988	0.501891
1.910000	13.423570	1.003782
1.920000	13.169071	1.003782
1.930000	12.938180	1.003782
1.940000	12.735449	1.505672
1.950000	12.565211	1.505672
1.960000	12.430048	1.505672
1.970000	12.328397	1.003782
1.980000	12.255704	1.003782
1.990000	12.206629	0.501891
2.000000	12.176195	0.501891
2.010000	12.159978	0.501891
2.020000	12.153567	0.501891
2.030000	12.152272	0.000000
2.040000	12.152488	0.000000
2.050000	12.152675	0.000000
2.060000	12.152803	0.000000
2.070000	12.155142	0.501891
2.080000	12.166382	0.501891
2.090000	12.192198	0.501891
2.100000	12.236434	1.003782
2.110000	12.303219	1.003782
2.120000	12.396856	1.505672
2.130000	12.521472	1.505672
2.140000	12.680671	1.505672
2.150000	12.874168	1.003782
2.160000	13.097913	1.003782
2.170000	13.346706	0.501891
2.180000	13.615448	0.501891
2.190000	13.899662	0.501891
2.200000	14.194913	0.000000
2.210000	14.496676	0.000000
2.220000	14.800837	0.000000
2.230000	15.105097	0.000000
2.240000	15.408726	0.000000
2.250000	15.711919	0.000000
2.260000	16.015322	0.000000
2.270000	16.318996	0.000000
2.280000	16.622631	0.000000
2.290000	16.926208	0.000000
2.300000	17.229710	1.003782
2.310000	17.533068	4.015126
2.320000	17.836351	7.528362
2.330000	18.139934	11.543488
2.340000	18.443593	15.056724
2.350000	18.747130	18.569960
2.360000	19.050625	21.581304
2.370000	19.354089	24.592649
2.380000	19.657302	27.603994
2.390000	19.959726	30.615339
2.400000	20.258533	33.626684
2.410000	20.548950	36.136138
2.420000	20.826025	38.645592
2.430000	21.085050	40.653155
2.440000	21.321518	43.162609
2.450000	21.530829	44.668281
2.460000	21.708590	46.173953
2.470000	21.851456	46.675844
2.480000	21.960146	47.679626
2.490000	22.038660	48.181517
2.500000	22.092292	48.683407
2.510000	22.126217	48.683407
2.520000	22.145201	48.181517
2.530000	22.153401	48.181517
2.540000	22.155265	48.181517
2.550000	22.154815	47.679626
2.560000	22.154482	47.679626
2.570000	22.154690	47.177735
2.580000	22.154956	47.177735
2.590000	22.154859	47.177735
2.600000	22.152724	46.675844
2.610000	22.142418	45.672063
2.620000	22.118066	45.170172
2.630000	22.075722	44.166390
2.640000	22.011522	42.660718
2.650000	21.921128	41.155046
2.660000	21.800080	39.147482
2.670000	21.644483	37.139919
2.680000	21.454338	35.132356
2.690000	21.233386	33.124793
2.700000	20.986807	30.615339
2.710000	20.719896	27.603994
2.720000	20.437175	25.094540
2.730000	20.142900	22.083195
2.740000	19.841649	19.071850
2.750000	19.537683	16.060506
2.760000	19.233497	13.049161
2.770000	18.929582	10.037816
2.780000	18.626216	7.026471
2.790000	18.323029	4.015126
2.800000	18.019468	1.003782
2.810000	17.715947	0.000000
2.820000	17.412422	-0.501891
2.830000	17.108774	0.000000
2.840000	16.805168	0.000000
2.850000	16.501886	0.000000
2.860000	16.198528	0.000000
2.870000	15.894914	0.000000
2.880000	15.591469	0.000000
2.890000	15.288016	0.000000
2.900000	14.984280	0.000000
2.910000	14.680798	0.000000
2.920000	14.378146	0.000000
2.930000	14.078890	0.501891
2.940000	13.787547	0.501891
2.950000	13.508991	0.501891
2.960000	13.247962	1.003782
2.970000	13.009042	1.003782
2.980000	12.796854	1.003782
2.990000	12.615788	1.505672
3.000000	12.469417	1.505672
3.010000	12.357424	1.505672
3.020000	12.276085	1.003782
3.030000	12.220057	1.003782
3.040000	12.184191	0.501891
3.050000	12.163775	0.501891
3.060000	12.154671	0.501891
3.070000	12.152226	0.000000
3.080000	12.152290	0.000000
3.090000	12.152652	0.000000
3.100000	12.153598	0.000000
3.110000	12.160411	0.501891
3.120000	12.179852	0.501891
3.130000	12.216313	1.003782
3.140000	12.273602	1.003782
3.150000	12.356018	1.003782
3.160000	12.467698	1.505672
3.170000	12.612797	1.505672
3.180000	12.792908	1.003782
3.190000	13.005263	1.003782
3.200000	13.244765	1.003782
3.210000	13.506085	0.501891
3.220000	13.784575	0.501891
3.230000	14.075957	0.501891
3.240000	14.375759	0.501891
3.250000	14.679365	0.000000
3.260000	14.983752	0.000000
3.270000	15.287542	0.000000
3.280000	15.590771	0.000000
3.290000	15.893998	0.000000
3.300000	16.197649	0.000000
3.310000	16.501379	0.000000
3.320000	16.804877	0.000000
3.330000	17.108422	0.501891
3.340000	17.411991	2.007563
3.350000	17.715263	5.520799
3.360000	18.018723	9.535925
3.370000	18.322341	13.049161
3.380000	18.625908	16.562396
3.390000	18.929431	19.573741
3.400000	19.232941	22.585086
3.410000	19.536346	26.098322
3.420000	19.839256	29.109666
3.430000	20.139996	31.619120
3.440000	20.434343	34.630465
3.450000	20.717270	37.139919
3.460000	20.984031	39.649373
3.470000	21.229995	41.656936
3.480000	21.450692	43.162609
3.490000	21.641580	44.668281
3.500000	21.798590	46.173953
3.510000	21.920619	47.177735
3.520000	22.010620	47.679626
3.530000	22.073568	47.679626
3.540000	22.114687	47.679626
3.550000	22.139110	47.679626
3.560000	22.151143	47.679626
3.570000	22.155030	47.679626
3.580000	22.155250	47.679626
3.590000	22.154864	47.177735
3.600000	22.154790	47.177735
3.610000	22.154885	46.675844
3.620000	22.154584	46.675844
3.630000	22.150867	46.173953
3.640000	22.137060	45.170172
3.650000	22.108073	44.668281
3.660000	22.060043	43.664499
3.670000	21.988949	42.158827
3.680000	21.890420	40.151264
3.690000	21.759945	38.143701
3.700000	21.594451	36.136138
3.710000	21.395195	34.128574
3.720000	21.166487	32.121011
3.730000	20.913700	29.611557
3.740000	20.641879	26.600212
3.750000	20.355534	23.588868
3.760000	20.058831	21.079414
3.770000	19.756419	17.566178
3.780000	19.452228	14.554833
3.790000	19.148073	11.543488
3.800000	18.844354	8.532144
3.810000	18.541132	5.520799
3.820000	18.237895	3.011345
3.830000	17.934301	0.501891
3.840000	17.630826	0.000000
3.850000	17.327344	0.000000
3.860000	17.023571	0.000000
3.870000	16.720066	0.000000
3.880000	16.416709	0.000000
3.890000	16.113273	0.000000
3.900000	15.809677	0.000000
3.910000	15.506243	0.000000
3.920000	15.202757	0.000000
3.930000	14.899101	0.000000
3.940000	14.595703	0.000000
3.950000	14.293629	0.501891
3.960000	13.996085	0.501891
3.970000	13.707840	0.501891
3.980000	13.433765	1.003782
3.990000	13.178481	1.003782
4.000000	12.946630	1.003782
4.010000	12.742704	1.505672
4.020000	12.571125	1.505672
4.030000	12.434600	1.505672
4.040000	12.331693	1.505672
4.050000	12.257978	1.003782
4.060000	12.208114	1.003782
4.070000	12.177041	0.501891
4.080000	12.160278	0.501891
4.090000	12.153560	0.000000
4.100000	12.152167	0.000000
4.110000	12.152425	0.000000
4.120000	12.152743	0.000000
4.130000	12.153923	0.501891
4.140000	12.161688	1.003782
4.150000	12.182496	1.003782
4.160000	12.220676	0.501891
4.170000	12.280078	1.003782
4.180000	12.364950	1.003782
4.190000	12.479445	1.505672
4.200000	12.627758	1.003782
4.210000	12.811000	1.003782
4.220000	13.026047	1.003782
4.230000	13.267701	1.003782
4.240000	13.530752	1.003782
4.250000	13.810584	0.501891
4.260000	14.102865	0.501891
4.270000	14.403117	0.000000
4.280000	14.706863	0.000000
4.290000	15.011111	0.000000
4.300000	15.314949	0.000000
4.310000	15.618430	0.000000
4.320000	15.921701	0.000000
4.330000	16.225245	0.000000
4.340000	16.528889	0.000000
4.350000	16.832369	0.000000
4.360000	17.135941	0.501891
4.370000	17.439451	2.007563
4.380000	17.742746	5.520799
4.390000	18.046196	9.535925
4.400000	18.349858	13.049161
4.410000	18.653453	16.562396
4.420000	18.956998	19.573741
4.430000	19.260451	22.585086
4.440000	19.563731	26.098322
4.450000	19.866554	28.607776
4.460000	20.166973	31.619120
4.470000	20.460552	34.128574
4.480000	20.742243	36.638028
4.490000	21.007290	39.147482
4.500000	21.251175	41.656936
4.510000	21.469357	43.162609
4.520000	21.657296	44.668281
4.530000	21.811069	45.672063
4.540000	21.929996	46.675844
4.550000	22.017303	47.177735
4.560000	22.078089	47.679626
4.570000	22.117586	47.679626
4.580000	22.140706	47.679626
4.590000	22.151768	47.679626
4.600000	22.155137	47.177735
4.610000	22.155218	47.177735
4.620000	22.154847	46.675844
4.630000	22.154799	46.675844
4.640000	22.154874	46.675844
4.650000	22.154331	46.173953
4.660000	22.149275	45.672063
4.670000	22.133008	45.170172
4.680000	22.100822	44.166390
4.690000	22.048935	43.162609
4.700000	21.973228	41.656936
4.710000	21.869277	39.649373
4.720000	21.732591	38.143701
4.730000	21.560811	36.136138
4.740000	21.355867	33.626684
4.750000	21.122385	31.619120
4.760000	20.865835	28.607776
4.770000	20.591103	26.098322
4.780000	20.302548	23.086977
4.790000	20.004454	20.075632
4.800000	19.701478	17.064287
4.810000	19.397249	14.052942
4.820000	19.093242	11.041598
4.830000	18.789720	8.030253
4.840000	18.486458	5.018908
4.850000	18.183042	2.007563
4.860000	17.879375	0.501891
4.870000	17.575945	0.000000
4.880000	17.272493	0.000000
4.890000	16.968751	0.501891
4.900000	16.665260	0.000000
4.910000	16.362007	0.000000
4.920000	16.058409	0.000000
4.930000	15.754895	0.000000
4.940000	15.451522	0.000000
4.950000	15.147938	0.000000
4.960000	14.844303	0.000000
4.970000	14.541008	0.000000
4.980000	14.239422	0.000000
4.990000	13.943180	0.501891
5.000000	13.657133	0.501891
5.010000	13.386123	1.003782
5.020000	13.134752	1.003782
5.030000	12.907589	1.505672
5.040000	12.709170	1.505672
5.050000	12.543842	1.505672
5.060000	12.413617	1.505672
5.070000	12.316398	1.003782
5.080000	12.247355	1.003782
5.090000	12.201250	0.501891
5.100000	12.173039	0.501891
5.110000	12.158464	0.501891
5.120000	12.153057	0.501891
5.130000	12.152153	0.000000
5.140000	12.152477	0.000000
5.150000	12.152700	0.000000
5.160000	12.153217	0.000000
5.170000	12.158326	0.501891
5.180000	12.174812	0.501891
5.190000	12.207337	0.501891
5.200000	12.259867	1.003782
5.210000	12.336603	1.003782
5.220000	12.441807	1.003782
5.230000	12.579700	1.505672
5.240000	12.752590	1.003782
5.250000	12.958579	1.003782
5.260000	13.192821	1.003782
5.270000	13.449979	0.501891
5.280000	13.725293	0.501891
5.290000	14.014381	0.501891
5.300000	14.312732	0.000000
5.310000	14.615820	0.000000
5.320000	14.920114	0.000000
5.330000	15.223998	0.000000
5.340000	15.527447	0.000000
5.350000	15.830743	0.000000
5.360000	16.134337	0.000000
5.370000	16.438095	0.000000
5.380000	16.741732	0.000000
5.390000	17.045242	0.000000
5.400000	17.348662	1.505672
5.410000	17.651938	4.015126
5.420000	17.955392	8.030253
5.430000	18.259055	12.045379
5.440000	18.562655	15.056724
5.450000	18.866179	18.569960
5.460000	19.169619	21.581304
5.470000	19.473020	24.592649
5.480000	19.776050	27.603994
5.490000	20.077553	30.615339
5.500000	20.373728	33.124793
5.510000	20.659489	36.136138
5.520000	20.930010	38.645592
5.530000	21.180646	40.653155
5.540000	21.406973	42.660718
5.550000	21.604414	43.664499
5.560000	21.768742	45.170172
5.570000	21.897950	46.173953
5.580000	21.994225	46.675844
5.590000	22.062331	47.177735
5.600000	22.107672	47.177735
5.610000	22.135204	47.177735
5.620000	22.149427	47.177735
5.630000	22.154636	47.177735
5.640000	22.155292	47.177735
5.650000	22.154913	46.675844
5.660000	22.154767	46.675844
5.670000	22.154639	46.173953
5.680000	22.152162	45.672063
5.690000	22.140825	45.170172
5.700000	22.114957	44.166390
5.710000	22.070750	43.162609
5.720000	22.004344	42.158827
5.730000	21.911333	40.653155
5.740000	21.787202	38.645592
5.750000	21.628382	36.638028
5.760000	21.435213	34.630465
5.770000	21.211617	32.121011
5.780000	20.962947	29.611557
5.790000	20.694399	27.102103
5.800000	20.410468	24.090758
5.810000	20.115346	21.079414
5.820000	19.813649	18.068069
5.830000	19.509550	15.056724
5.840000	19.205421	12.045379
5.850000	18.901694	8.532144
5.860000	18.598380	6.022690
5.870000	18.295143	3.011345
5.880000	17.991565	0.501891
5.890000	17.688077	0.000000
5.900000	17.384632	0.000000
5.910000	17.080906	0.000000
5.920000	16.777314	0.000000
5.930000	16.474025	0.000000
5.940000	16.170631	0.000000
5.950000	15.866980	0.000000
5.960000	15.563493	0.501891
5.970000	15.260026	0.501891
5.980000	14.956339	0.000000
5.990000	14.652900	0.000000
6.000000	14.350357	0.501891
6.010000	14.051579	0.501891
6.020000	13.761209	1.003782
6.030000	13.484141	1.003782
6.040000	13.225019	1.003782
6.050000	12.988388	1.003782
6.060000	12.778836	1.003782
6.070000	12.600817	1.505672
6.080000	12.457690	1.505672
6.090000	12.348753	1.003782
6.100000	12.269933	1.003782
6.110000	12.215929	1.003782
6.120000	12.181679	0.501891
6.130000	12.162536	0.501891
6.140000	12.154247	0.501891
6.150000	12.152164	0.000000
6.160000	12.152319	0.000000
6.170000	12.152643	0.000000
6.180000	12.152664	0.000000
6.190000	12.152762	0.000000
6.200000	12.155426	0.501891
6.210000	12.167134	0.501891
6.220000	12.193176	1.003782
6.230000	12.237601	1.003782
6.240000	12.304627	1.003782
6.250000	12.398519	1.505672
6.260000	12.523494	1.505672
6.270000	12.683162	1.505672
6.280000	12.877157	1.003782
6.290000	13.101304	1.003782
6.300000	13.350386	1.003782
6.310000	13.619392	0.501891
6.320000	13.903897	0.501891
6.330000	14.199389	0.501891
6.340000	14.501343	0.000000
6.350000	14.805387	0.000000
6.360000	15.107314	0.000000
6.370000	15.402649	0.000000
6.380000	15.686878	-0.501891
6.390000	15.955609	-0.501891
6.400000	16.204218	-0.501891
6.410000	16.428046	-1.003782
6.420000	16.622454	-1.003782
6.430000	16.783268	-1.003782
6.440000	16.909039	-1.003782
6.450000	17.002190	-1.003782
6.460000	17.067828	-0.501891
6.470000	17.111318	-0.501891
6.480000	17.137342	-0.501891
6.490000	17.150255	-0.501891
6.500000	17.154826	0.000000
6.510000	17.155431	0.000000
6.520000	17.155026	0.000000
6.530000	17.154823	0.000000
6.540000	17.154886	0.000000
6.550000	17.154988	0.000000
6.560000	17.155025	0.000000
6.570000	17.155015	0.000000
6.580000	17.155000	0.501891
6.590000	17.154996	0.501891
6.600000	17.154998	0.501891
6.610000	17.155000	0.000000
6.620000	17.154907	0.000000
6.630000	17.154665	0.000000
6.640000	17.154496	0.000000
6.650000	17.154460	0.000000
6.660000	17.154484	0.000000
6.670000	17.154504	0.000000
6.680000	17.154507	0.000000
6.690000	17.154502	0.000000
6.700000	17.154499	0.000000
6.710000	17.154499	0.000000
6.720000	17.154500	0.000000
6.730000	17.154500	0.000000
6.740000	17.154500	0.000000
6.750000	17.154500	0.000000
6.760000	17.154500	0.000000
6.770000	17.154500	0.000000
6.780000	17.154500	0.000000
6.790000	17.154500	0.000000
6.800000	17.154500	0.000000
6.810000	17.154500	0.000000
6.820000	17.154461	0.000000
6.830000	17.154243	0.000000
6.840000	17.154035	0.000000
6.850000	17.153961	0.000000
6.860000	17.153974	0.000000
6.870000	17.154000	0.000000
6.880000	17.154007	0.000000
6.890000	17.154004	0.000000
