<Mach-1 File>
<INFO>
Date:	Tue, Apr 07, 2026
Time:	10:52:19.661
Mach-1 Motion Software Version:	4.5.0.1
Mach-1 System S/N:	MA0561195
Mach-1 System Model:	V500c
Load Cell Name:	100N-SN195168
Load Cell Type:	Single-axis
Load Cell Calibration Factor:	1.003782
Load Cell Offset:	31.000000
Load Cell Calibration Date:	2025-08-20
Load Cell Low-pass filter:	Yes
Load Cell Low-pass filter Order:	3
Load Cell Low-pass filter Cutoff frequency (Hz):	20.00
<END INFO>
<Find Contact>
Stage Axis:	Position (z)
Load Cell Axis:	Fz
Direction:	Positive
Contact Criteria, gf:	1.000000
Stage Velocity, mm/s:	0.2000
Stage Limit, mm:	10.0000
Stage Repositioning:	None
Offset, mm:	0.0000
<DATA>
Time, s	Position (z), mm	Fz, gf
0.000000	17.134000	0.000000
0.010000	17.134000	0.501891
0.020000	17.134000	0.000000
0.030000	17.134000	0.000000
0.040000	17.134000	0.000000
0.050000	17.134000	0.000000
0.060000	17.134000	0.000000
0.070000	17.134000	0.000000
0.080000	17.134000	0.000000
0.090000	17.134000	0.000000
0.100000	17.134000	0.000000
0.110000	17.134000	0.000000
0.120000	17.134000	0.000000
0.130000	17.134000	0.000000
0.140000	17.134000	0.000000
0.150000	17.134000	0.000000
0.160000	17.134000	0.000000
0.170000	17.134000	0.000000
0.180000	17.134000	0.000000
0.190000	17.134000	0.000000
0.200000	17.134000	0.000000
0.210000	17.134000	0.000000
0.220000	17.134000	0.000000
0.230000	17.134000	0.000000
0.240000	17.134000	0.000000
0.250000	17.134000	0.000000
0.260000	17.134000	0.000000
0.270000	17.134000	0.000000
0.280000	17.134082	0.000000
0.290000	17.134374	0.000000
0.300000	17.135097	0.000000
0.310000	17.136953	0.000000
0.320000	17.139764	0.000000
0.330000	17.142553	0.000000
0.340000	17.144998	0.000000
0.350000	17.147268	0.000000
0.360000	17.149484	0.000000
0.370000	17.151737	0.000000
0.380000	17.154011	0.000000
0.390000	17.156256	0.000000
0.400000	17.158416	0.000000
0.410000	17.160485	0.000000
0.420000	17.162471	0.000000
0.430000	17.164407	0.000000
0.440000	17.166363	0.000000
0.450000	17.168396	0.000000
0.460000	17.170435	0.000000
0.470000	17.172413	0.000000
0.480000	17.174409	0.000000
0.490000	17.176434	0.000000
0.500000	17.178466	0.000000
0.510000	17.180452	0.501891
0.520000	17.182460	0.501891
0.530000	17.184482	0.501891
0.540000	17.186478	0.501891
0.550000	17.188460	0.501891
0.560000	17.190484	0.501891
0.570000	17.192493	0.501891
0.580000	17.194506	0.501891
0.590000	17.196557	0.501891
0.600000	17.198559	0.501891
0.610000	17.200521	0.501891
0.620000	17.202483	0.501891
0.630000	17.204477	0.501891
0.640000	17.206466	0.501891
0.650000	17.208441	0.501891
0.660000	17.210432	0.501891
0.670000	17.212437	0.501891
0.680000	17.214498	0.501891
0.690000	17.216492	0.501891
0.700000	17.218401	0.501891
0.710000	17.220316	0.501891
0.720000	17.222280	0.501891
0.730000	17.224287	0.501891
0.740000	17.226363	0.501891
0.750000	17.228462	0.501891
0.760000	17.230515	0.501891
0.770000	17.232539	1.003782
0.780000	17.234518	1.003782
0.790000	17.236511	1.003782
0.800000	17.238532	1.003782
0.810000	17.240691	1.003782
0.820000	17.242975	1.003782
0.830000	17.244979	1.003782
0.840000	17.246049	0.501891
0.850000	17.246230	0.501891
0.860000	17.246209	0.501891
0.870000	17.246342	0.501891
0.880000	17.246479	0.501891
0.890000	17.246527	0.501891
0.900000	17.246517	0.501891
0.910000	17.246500	1.003782
0.920000	17.246495	0.501891
0.930000	17.246497	0.501891
0.940000	17.246500	0.501891
0.950000	17.246501	0.501891
0.960000	17.246500	0.501891
0.970000	17.246500	0.501891
0.980000	17.246500	0.501891
0.990000	17.246492	1.003782
1.000000	17.246327	1.003782
1.010000	17.246090	1.003782
1.020000	17.245971	1.003782
1.030000	17.245966	0.501891
1.040000	17.245993	0.501891
1.050000	17.246007	0.501891
1.060000	17.246005	1.003782
1.070000	17.246001	1.003782
1.080000	17.245999	0.501891
1.090000	17.245999	1.003782
1.100000	17.246000	1.003782
1.110000	17.246000	1.003782
1.120000	17.246000	0.501891
1.130000	17.246000	0.501891
1.140000	17.246000	0.501891
1.150000	17.246000	0.501891
1.160000	17.246000	0.501891
1.170000	17.246000	0.501891
1.180000	17.246000	0.501891
1.190000	17.246000	0.501891
1.200000	17.246000	1.003782
1.210000	17.245998	1.003782
1.220000	17.245867	0.501891
1.230000	17.245625	0.501891
1.240000	17.245481	0.501891
1.250000	17.245462	0.501891
1.260000	17.245489	0.501891
1.270000	17.245506	0.501891
1.280000	17.245506	0.501891
1.290000	17.245502	0.501891
1.300000	17.245499	0.501891
1.310000	17.245499	0.501891
1.320000	17.245500	0.501891
1.330000	17.245500	0.501891
1.340000	17.245500	0.501891
1.350000	17.245500	0.501891
1.360000	17.245500	1.003782
1.370000	17.245500	1.003782
1.380000	17.245500	0.501891
1.390000	17.245500	0.501891
<END DATA>
<INFO>
Date:	Tue, Apr 07, 2026
Time:	10:52:21.061
Mach-1 Motion Software Version:	4.5.0.1
Mach-1 System S/N:	MA0561195
Mach-1 System Model:	V500c
Load Cell Name:	100N-SN195168
Load Cell Type:	Single-axis
Load Cell Calibration Factor:	1.003782
Load Cell Offset:	31.000000
Load Cell Calibration Date:	2025-08-20
Load Cell Low-pass filter:	Yes
Load Cell Low-pass filter Order:	3
Load Cell Low-pass filter Cutoff frequency (Hz):	20.00
<END INFO>
<Sinusoid>
Stage Axis:	Position (z)
Amplitude, mm:	5.0000
Frequency, Hz:	1.00000
Number of Cycles:	5
<DATA>
Time, s	Position (z), mm	Fz, gf
0.000000	17.245500	0.501891
0.010000	17.245500	0.501891
0.020000	17.245500	0.501891
0.030000	17.245500	0.501891
0.040000	17.245500	0.501891
0.050000	17.245500	0.501891
0.060000	17.245500	0.501891
0.070000	17.245500	0.501891
0.080000	17.245500	0.501891
0.090000	17.245500	0.501891
0.100000	17.245500	0.501891
0.110000	17.245500	1.003782
0.120000	17.245500	0.501891
0.130000	17.245500	1.003782
0.140000	17.245500	1.003782
0.150000	17.245500	0.501891
0.160000	17.245500	0.501891
0.170000	17.245500	0.501891
0.180000	17.245500	0.501891
0.190000	17.245500	0.501891
0.200000	17.246000	1.003782
0.210000	17.246000	1.003782
0.220000	17.246000	0.501891
0.230000	17.246000	0.501891
0.240000	17.246000	0.501891
0.250000	17.246000	0.501891
0.260000	17.246000	0.501891
0.270000	17.246000	0.501891
0.280000	17.246000	0.501891
0.290000	17.246000	0.501891
0.300000	17.246000	0.501891
0.310000	17.246000	0.501891
0.320000	17.246000	0.501891
0.330000	17.246000	0.501891
0.340000	17.246000	0.501891
0.350000	17.246000	0.501891
0.360000	17.246000	1.003782
0.370000	17.246000	0.501891
0.380000	17.246000	0.501891
0.390000	17.246000	0.501891
0.400000	17.246000	0.501891
0.410000	17.246000	0.501891
0.420000	17.246000	0.501891
0.430000	17.246000	0.501891
0.440000	17.246000	0.501891
0.450000	17.246000	0.501891
0.460000	17.246000	0.501891
0.470000	17.246000	0.501891
0.480000	17.246000	0.501891
0.490000	17.246000	0.501891
0.500000	17.246000	0.501891
0.510000	17.246000	0.501891
0.520000	17.246000	0.501891
0.530000	17.246000	0.501891
0.540000	17.246000	0.501891
0.550000	17.246000	0.501891
0.560000	17.246000	0.501891
0.570000	17.246000	0.501891
0.580000	17.246000	0.501891
0.590000	17.246000	0.501891
0.600000	17.246000	0.501891
0.610000	17.246000	0.501891
0.620000	17.246000	0.501891
0.630000	17.246000	0.501891
0.640000	17.246000	0.501891
0.650000	17.246000	0.501891
0.660000	17.246000	0.501891
0.670000	17.246000	0.501891
0.680000	17.246000	0.501891
0.690000	17.246000	0.501891
0.700000	17.246000	0.501891
0.710000	17.246000	0.501891
0.720000	17.246000	0.501891
0.730000	17.246000	0.501891
0.740000	17.246000	0.501891
0.750000	17.246000	0.501891
0.760000	17.246000	0.501891
0.770000	17.246000	0.501891
0.780000	17.246000	0.501891
0.790000	17.246000	0.501891
0.800000	17.246000	0.501891
0.810000	17.246000	0.501891
0.820000	17.246000	0.501891
0.830000	17.246000	0.501891
0.840000	17.246000	0.501891
0.850000	17.246000	0.501891
0.860000	17.246000	0.501891
0.870000	17.246000	0.501891
0.880000	17.246000	0.501891
0.890000	17.246000	0.501891
0.900000	17.246000	0.501891
0.910000	17.246000	0.501891
0.920000	17.246000	0.501891
0.930000	17.246000	0.501891
0.940000	17.246000	0.501891
0.950000	17.246000	0.501891
0.960000	17.246000	0.501891
0.970000	17.246000	0.501891
0.980000	17.246000	0.501891
0.990000	17.246000	0.501891
1.000000	17.246000	0.501891
1.010000	17.246000	0.501891
1.020000	17.246000	0.501891
1.030000	17.246000	0.501891
1.040000	17.246000	0.501891
1.050000	17.246000	0.501891
1.060000	17.246000	0.501891
1.070000	17.246000	0.501891
1.080000	17.246000	0.501891
1.090000	17.246000	0.501891
1.100000	17.246000	0.501891
1.110000	17.246000	0.501891
1.120000	17.246000	0.501891
1.130000	17.246000	0.501891
1.140000	17.246000	0.501891
1.150000	17.246000	0.501891
1.160000	17.246000	0.501891
1.170000	17.246025	0.501891
1.180000	17.246937	1.003782
1.190000	17.254403	1.505672
1.200000	17.275366	2.007563
1.210000	17.313886	2.509454
1.220000	17.373388	3.513236
1.230000	17.457960	4.517017
1.240000	17.572186	6.022690
1.250000	17.720376	8.030253
1.260000	17.903520	10.037816
1.270000	18.118411	12.547270
1.280000	18.360100	15.056724
1.290000	18.623315	17.566178
1.300000	18.903324	20.577523
1.310000	19.195719	23.588868
1.320000	19.496026	26.098322
1.330000	19.799753	29.109666
1.340000	20.102853	32.121011
1.350000	20.400898	34.630465
1.360000	20.689293	37.139919
1.370000	20.963462	39.649373
1.380000	21.218898	41.656936
1.390000	21.451113	43.162609
1.400000	21.655495	44.668281
1.410000	21.827533	45.672063
1.420000	21.964484	46.675844
1.430000	22.067531	47.679626
1.440000	22.141491	47.679626
1.450000	22.191586	47.679626
1.460000	22.222497	47.679626
1.470000	22.238946	47.679626
1.480000	22.245555	47.679626
1.490000	22.246913	47.177735
1.500000	22.246609	47.177735
1.510000	22.246333	46.675844
1.520000	22.246357	46.675844
1.530000	22.246468	46.675844
1.540000	22.246356	46.173953
1.550000	22.243495	45.672063
1.560000	22.230936	44.668281
1.570000	22.202653	44.166390
1.580000	22.155025	43.162609
1.590000	22.084796	41.656936
1.600000	21.987747	40.151264
1.610000	21.859021	38.143701
1.620000	21.695345	36.638028
1.630000	21.497667	34.630465
1.640000	21.270280	32.121011
1.650000	21.018512	29.611557
1.660000	20.747496	27.102103
1.670000	20.461649	24.090758
1.680000	20.165331	21.079414
1.690000	19.863084	18.068069
1.700000	19.558940	15.056724
1.710000	19.254881	12.045379
1.720000	18.951109	9.535925
1.730000	18.647738	6.524580
1.740000	18.344524	4.015126
1.750000	18.040948	1.505672
1.760000	17.737399	0.000000
1.770000	17.433891	0.000000
1.780000	17.130119	0.000000
1.790000	16.826538	0.000000
1.800000	16.523336	0.000000
1.810000	16.220069	0.000000
1.820000	15.916419	0.000000
1.830000	15.612937	0.000000
1.840000	15.309300	0.000000
1.850000	15.005595	0.000000
1.860000	14.702230	0.000000
1.870000	14.400126	0.501891
1.880000	14.102311	0.501891
1.890000	13.813516	0.501891
1.900000	13.538639	1.003782
1.910000	13.282326	1.003782
1.920000	13.049149	1.003782
1.930000	12.843734	1.003782
1.940000	12.670559	1.505672
1.950000	12.532371	1.505672
1.960000	12.427884	1.003782
1.970000	12.352768	1.003782
1.980000	12.301944	1.003782
1.990000	12.270232	0.501891
2.000000	12.252949	0.501891
2.010000	12.245846	0.501891
2.020000	12.244389	0.000000
2.030000	12.244808	0.000000
2.040000	12.245179	0.000000
2.050000	12.245298	0.000000
2.060000	12.248091	0.501891
2.070000	12.261038	0.501891
2.080000	12.290369	1.003782
2.090000	12.339415	1.003782
2.100000	12.411301	1.003782
2.110000	12.510270	1.505672
2.120000	12.641235	1.505672
2.130000	12.807172	1.505672
2.140000	13.006849	1.003782
2.150000	13.235865	1.003782
2.160000	13.488937	0.501891
2.170000	13.761073	0.501891
2.180000	14.047706	0.501891
2.190000	14.344523	0.501891
2.200000	14.647046	0.000000
2.210000	14.951409	0.000000
2.220000	15.255402	0.000000
2.230000	15.558743	0.000000
2.240000	15.862068	0.000000
2.250000	16.165679	0.000000
2.260000	16.469353	0.000000
2.270000	16.772958	0.000000
2.280000	17.076473	0.000000
2.290000	17.379953	1.505672
2.300000	17.683199	4.517017
2.310000	17.986675	8.030253
2.320000	18.290249	12.045379
2.330000	18.593858	15.056724
2.340000	18.897441	18.569960
2.350000	19.200968	21.581304
2.360000	19.504342	24.592649
2.370000	19.807476	27.603994
2.380000	20.109694	30.113448
2.390000	20.407328	33.124793
2.400000	20.695473	35.132356
2.410000	20.969331	37.641810
2.420000	21.224321	39.649373
2.430000	21.455873	41.656936
2.440000	21.659481	43.162609
2.450000	21.830711	44.166390
2.460000	21.966845	45.170172
2.470000	22.069202	46.173953
2.480000	22.142666	46.173953
2.490000	22.192401	46.675844
2.500000	22.222984	46.675844
2.510000	22.239083	46.675844
2.520000	22.245349	46.675844
2.530000	22.246442	46.675844
2.540000	22.246073	46.173953
2.550000	22.246009	45.672063
2.560000	22.246292	45.672063
2.570000	22.246471	45.170172
2.580000	22.245278	45.170172
2.590000	22.237060	44.668281
2.600000	22.214899	43.664499
2.610000	22.174607	42.660718
2.620000	22.112917	41.656936
2.630000	22.026033	40.151264
2.640000	21.909163	38.143701
2.650000	21.758166	36.136138
2.660000	21.572276	34.128574
2.670000	21.354974	32.121011
2.680000	21.111407	30.113448
2.690000	20.846801	27.603994
2.700000	20.565783	24.592649
2.710000	20.272764	21.581304
2.720000	19.972083	18.569960
2.730000	19.668230	15.558615
2.740000	19.364087	12.547270
2.750000	19.060278	9.535925
2.760000	18.756779	7.026471
2.770000	18.453533	4.015126
2.780000	18.150100	1.505672
2.790000	17.846447	0.000000
2.800000	17.542992	-0.501891
2.810000	17.239503	0.000000
2.820000	16.935764	0.000000
2.830000	16.632368	0.000000
2.840000	16.329150	0.000000
2.850000	16.025571	0.000000
2.860000	15.722015	0.000000
2.870000	15.418505	0.000000
2.880000	15.114984	0.000000
2.890000	14.811408	0.000000
2.900000	14.508520	0.000000
2.910000	14.208587	0.501891
2.920000	13.915886	0.501891
2.930000	13.635428	1.003782
2.940000	13.371974	1.003782
2.950000	13.129994	1.003782
2.960000	12.914083	1.003782
2.970000	12.728826	1.505672
2.980000	12.577907	1.505672
2.990000	12.461754	1.003782
3.000000	12.376701	1.003782
3.010000	12.317738	1.003782
3.020000	12.279709	0.501891
3.030000	12.257800	0.501891
3.040000	12.247567	0.501891
3.050000	12.244551	0.000000
3.060000	12.244598	0.000000
3.070000	12.245085	0.000000
3.080000	12.245203	0.000000
3.090000	12.245679	0.501891
3.100000	12.251735	0.501891
3.110000	12.270999	1.003782
3.120000	12.308107	1.003782
3.130000	12.366014	1.003782
3.140000	12.448404	1.003782
3.150000	12.559866	1.003782
3.160000	12.705024	1.505672
3.170000	12.885289	1.003782
3.180000	13.097705	1.003782
3.190000	13.337205	1.003782
3.200000	13.598544	1.003782
3.210000	13.877175	0.501891
3.220000	14.168579	0.501891
3.230000	14.468327	0.501891
3.240000	14.771936	0.501891
3.250000	15.076271	0.000000
3.260000	15.380091	0.000000
3.270000	15.683373	0.000000
3.280000	15.986782	0.000000
3.290000	16.290427	0.000000
3.300000	16.594116	0.000000
3.310000	16.897713	0.000000
3.320000	17.201213	0.501891
3.330000	17.504585	2.007563
3.340000	17.807800	5.520799
3.350000	18.111355	9.034034
3.360000	18.414970	12.547270
3.370000	18.718539	16.060506
3.380000	19.022083	19.071850
3.390000	19.325543	22.083195
3.400000	19.628810	25.094540
3.410000	19.931834	28.105885
3.420000	20.232668	30.615339
3.430000	20.526990	33.124793
3.440000	20.809890	35.634247
3.450000	21.076613	38.143701
3.460000	21.322539	40.151264
3.470000	21.543124	41.656936
3.480000	21.733937	43.162609
3.490000	21.890897	44.166390
3.500000	22.012751	45.170172
3.510000	22.102521	45.672063
3.520000	22.165623	46.173953
3.530000	22.206918	46.173953
3.540000	22.230982	46.173953
3.550000	22.242508	46.173953
3.560000	22.246135	46.173953
3.570000	22.246344	45.672063
3.580000	22.246093	45.672063
3.590000	22.246215	45.170172
3.600000	22.246438	45.170172
3.610000	22.246390	44.668281
3.620000	22.243742	44.166390
3.630000	22.231656	43.664499
3.640000	22.204090	43.162609
3.650000	22.157291	42.158827
3.660000	22.088039	40.653155
3.670000	21.992104	39.147482
3.680000	21.864645	37.139919
3.690000	21.702327	35.132356
3.700000	21.505843	33.124793
3.710000	21.279489	31.117230
3.720000	21.028551	28.607776
3.730000	20.758211	26.098322
3.740000	20.472893	23.086977
3.750000	20.176938	20.075632
3.760000	19.874842	17.566178
3.770000	19.570718	14.554833
3.780000	19.266666	11.543488
3.790000	18.962901	8.532144
3.800000	18.659525	5.520799
3.810000	18.356292	2.509454
3.820000	18.052717	0.501891
3.830000	17.749170	0.000000
3.840000	17.445762	0.000000
3.850000	17.142117	0.000000
3.860000	16.838439	0.000000
3.870000	16.535013	0.000000
3.880000	16.231695	0.000000
3.890000	15.928121	0.000000
3.900000	15.624686	0.000000
3.910000	15.321249	0.000000
3.920000	15.017558	0.000000
3.930000	14.714102	0.000000
3.940000	14.411806	0.000000
3.950000	14.113675	0.000000
3.960000	13.824399	0.501891
3.970000	13.548887	0.501891
3.980000	13.291830	1.003782
3.990000	13.057690	1.003782
4.000000	12.851120	1.505672
4.010000	12.676575	1.505672
4.020000	12.536943	1.505672
4.030000	12.431281	1.003782
4.040000	12.355174	1.003782
4.050000	12.303515	1.003782
4.060000	12.271193	1.003782
4.070000	12.253454	0.501891
4.080000	12.245977	0.501891
4.090000	12.244341	0.000000
4.100000	12.244755	0.000000
4.110000	12.245172	0.000000
4.120000	12.245973	0.000000
4.130000	12.252871	0.501891
4.140000	12.273459	0.501891
4.150000	12.312336	1.003782
4.160000	12.372371	1.003782
4.170000	12.457233	1.505672
4.180000	12.571596	1.505672
4.190000	12.719953	1.505672
4.200000	12.903321	1.505672
4.210000	13.118426	1.003782
4.220000	13.360104	1.003782
4.230000	13.623149	0.501891
4.240000	13.903109	0.501891
4.250000	14.195492	0.501891
4.260000	14.495815	0.000000
4.270000	14.799638	0.000000
4.280000	15.103999	0.000000
4.290000	15.407577	0.000000
4.300000	15.710726	0.000000
4.310000	16.014275	0.000000
4.320000	16.317923	0.000000
4.330000	16.621554	0.000000
4.340000	16.925152	0.000000
4.350000	17.228698	0.501891
4.360000	17.532069	2.007563
4.370000	17.835370	5.018908
4.380000	18.138987	9.034034
4.390000	18.442591	12.547270
4.400000	18.746011	16.060506
4.410000	19.049538	19.071850
4.420000	19.353107	22.083195
4.430000	19.656351	25.094540
4.440000	19.959340	28.105885
4.450000	20.259814	30.615339
4.460000	20.553267	33.124793
4.470000	20.834836	35.634247
4.480000	21.099839	37.641810
4.490000	21.343626	39.649373
4.500000	21.561691	41.656936
4.510000	21.749555	42.660718
4.520000	21.903335	43.664499
4.530000	22.022147	44.668281
4.540000	22.109337	45.170172
4.550000	22.170266	45.672063
4.560000	22.209787	45.672063
4.570000	22.232609	45.672063
4.580000	22.243408	45.672063
4.590000	22.246736	45.672063
4.600000	22.246856	45.672063
4.610000	22.246427	45.170172
4.620000	22.246310	45.170172
4.630000	22.246412	44.668281
4.640000	22.246504	44.668281
4.650000	22.246159	44.166390
4.660000	22.241923	43.664499
4.670000	22.226704	43.162609
4.680000	22.195216	42.158827
4.690000	22.143823	41.155046
4.700000	22.069162	39.649373
4.710000	21.966680	38.143701
4.720000	21.831734	36.638028
4.730000	21.661644	34.630465
4.740000	21.458181	32.622902
4.750000	21.225971	30.113448
4.760000	20.970358	27.603994
4.770000	20.696362	25.094540
4.780000	20.408372	22.083195
4.790000	20.110637	19.573741
4.800000	19.807748	16.562396
4.810000	19.503488	13.551052
4.820000	19.199500	10.539707
4.830000	18.895834	7.528362
4.840000	18.592554	4.517017
4.850000	18.289340	2.007563
4.860000	17.985724	0.501891
4.870000	17.682193	0.000000
4.880000	17.378748	0.000000
4.890000	17.074994	0.000000
4.900000	16.771406	0.000000
4.910000	16.468139	0.000000
4.920000	16.164785	0.000000
4.930000	15.861207	0.000000
4.940000	15.557726	0.000000
4.950000	15.254202	0.000000
4.960000	14.950500	0.000000
4.970000	14.647193	0.000000
4.980000	14.345560	0.501891
4.990000	14.048952	0.501891
5.000000	13.762252	0.501891
5.010000	13.490399	0.501891
5.020000	13.238001	1.003782
5.030000	13.009560	1.003782
5.040000	12.809748	1.505672
5.050000	12.642784	1.505672
5.060000	12.510906	1.505672
5.070000	12.412178	1.003782
5.080000	12.341903	1.003782
5.090000	12.294853	0.501891
5.100000	12.266121	0.501891
5.110000	12.251044	0.501891
5.120000	12.245257	0.000000
5.130000	12.244365	0.000000
5.140000	12.244885	0.000000
5.150000	12.245201	0.000000
5.160000	12.245389	0.000000
5.170000	12.249362	0.501891
5.180000	12.264879	1.003782
5.190000	12.297467	1.003782
5.200000	12.350172	1.003782
5.210000	12.426347	1.003782
5.220000	12.530384	1.003782
5.230000	12.667188	1.505672
5.240000	12.839232	1.505672
5.250000	13.044446	1.003782
5.260000	13.277945	1.003782
5.270000	13.534478	0.501891
5.280000	13.809373	0.501891
5.290000	14.098155	0.501891
5.300000	14.396330	0.000000
5.310000	14.699354	0.000000
5.320000	15.003674	0.000000
5.330000	15.307540	0.000000
5.340000	15.610839	0.000000
5.350000	15.914260	0.000000
5.360000	16.217954	0.000000
5.370000	16.521611	0.000000
5.380000	16.824984	0.000000
5.390000	17.128516	0.000000
5.400000	17.432135	1.003782
5.410000	17.735428	3.513236
5.420000	18.038944	7.528362
5.430000	18.342561	11.041598
5.440000	18.646155	14.554833
5.450000	18.949645	18.068069
5.460000	19.253132	21.079414
5.470000	19.556459	24.090758
5.480000	19.859593	26.600212
5.490000	20.161321	29.611557
5.500000	20.457654	32.121011
5.510000	20.743693	34.630465
5.520000	21.014674	36.638028
5.530000	21.265945	38.645592
5.540000	21.492993	40.653155
5.550000	21.691295	42.158827
5.560000	21.856641	43.162609
5.570000	21.986801	44.166390
5.580000	22.083771	45.170172
5.590000	22.152793	45.170172
5.600000	22.198912	45.672063
5.610000	22.226677	45.672063
5.620000	22.240835	45.170172
5.630000	22.246073	45.170172
5.640000	22.246898	45.170172
5.650000	22.246533	45.170172
5.660000	22.246321	44.668281
5.670000	22.246294	44.668281
5.680000	22.244427	44.166390
5.690000	22.234186	43.162609
5.700000	22.209205	42.660718
5.710000	22.165509	41.656936
5.720000	22.099856	40.151264
5.730000	22.008185	38.645592
5.740000	21.885678	37.139919
5.750000	21.728591	35.132356
5.760000	21.536992	33.124793
5.770000	21.314797	31.117230
5.780000	21.067181	28.607776
5.790000	20.799430	26.098322
5.800000	20.516061	23.588868
5.810000	20.221427	20.577523
5.820000	19.919932	17.566178
5.830000	19.615898	14.554833
5.840000	19.311806	11.543488
5.850000	19.008040	8.532144
5.860000	18.704653	5.520799
5.870000	18.401422	3.011345
5.880000	18.097878	0.501891
5.890000	17.794252	0.000000
5.900000	17.490702	0.000000
5.910000	17.187145	0.000000
5.920000	16.883494	0.000000
5.930000	16.580115	0.000000
5.940000	16.276855	0.000000
5.950000	15.973234	0.000000
5.960000	15.669728	0.000000
5.970000	15.366319	0.000000
5.980000	15.062650	0.000000
5.990000	14.759144	0.000000
6.000000	14.456561	0.501891
6.010000	14.157583	0.501891
6.020000	13.866659	0.501891
6.030000	13.588773	0.501891
6.040000	13.328682	1.003782
6.050000	13.090816	1.003782
6.060000	12.879894	1.505672
6.070000	12.700364	1.505672
6.080000	12.555532	1.505672
6.090000	12.445047	1.003782
6.100000	12.364850	1.003782
6.110000	12.309886	0.501891
6.120000	12.274989	0.501891
6.130000	12.255296	0.501891
6.140000	12.246532	0.501891
6.150000	12.244333	0.501891
6.160000	12.244663	0.000000
6.170000	12.245144	0.000000
6.180000	12.245087	0.000000
6.190000	12.244887	0.000000
6.200000	12.246695	0.501891
6.210000	12.257101	0.501891
6.220000	12.282584	1.003782
6.230000	12.326781	1.003782
6.240000	12.392990	1.003782
6.250000	12.485298	1.003782
6.260000	12.608579	1.505672
6.270000	12.766559	1.505672
6.280000	12.959069	1.003782
6.290000	13.181977	1.003782
6.300000	13.430023	0.501891
6.310000	13.698165	0.501891
6.320000	13.982037	0.501891
6.330000	14.277106	0.501891
6.340000	14.578774	0.000000
6.350000	14.882782	0.000000
6.360000	15.184944	0.000000
6.370000	15.480709	0.000000
6.380000	15.765566	-0.501891
6.390000	16.035161	-0.501891
6.400000	16.284816	-1.003782
6.410000	16.509852	-1.003782
6.420000	16.705783	-1.003782
6.430000	16.868293	-1.003782
6.440000	16.995639	-1.003782
6.450000	17.090257	-0.501891
6.460000	17.157303	-0.501891
6.470000	17.201689	-0.501891
6.480000	17.228163	-0.501891
6.490000	17.241578	0.000000
6.500000	17.246452	0.000000
6.510000	17.247057	0.000000
6.520000	17.246556	0.000000
6.530000	17.246303	0.000000
6.540000	17.246367	0.000000
6.550000	17.246485	0.000000
6.560000	17.246529	0.000000
6.570000	17.246518	0.000000
6.580000	17.246501	0.000000
6.590000	17.246495	0.000000
6.600000	17.246497	0.000000
6.610000	17.246500	0.000000
6.620000	17.246501	0.000000
6.630000	17.246500	0.000000
6.640000	17.246500	0.000000
6.650000	17.246500	0.000000
6.660000	17.246500	0.000000
6.670000	17.246500	0.000000
6.680000	17.246500	0.000000
6.690000	17.246500	0.000000
6.700000	17.246500	0.000000
6.710000	17.246500	0.000000
6.720000	17.246500	0.000000
6.730000	17.246500	0.000000
6.740000	17.246500	0.000000
6.750000	17.246500	0.000000
6.760000	17.246500	0.000000
6.770000	17.246500	0.000000
6.780000	17.246500	0.000000
6.790000	17.246500	0.000000
6.800000	17.247000	0.000000
6.810000	17.247000	0.000000
6.820000	17.247000	0.000000
6.830000	17.247000	0.000000
6.840000	17.247000	0.000000
6.850000	17.247000	0.000000
6.860000	17.247000	0.000000
6.870000	17.247000	0.000000
6.880000	17.247000	0.000000
6.890000	17.247000	0.000000
<END DATA>
