<Mach-1 File>
<INFO>
Date:	Tue, Apr 07, 2026
Time:	10:50:06.761
Mach-1 Motion Software Version:	4.5.0.1
Mach-1 System S/N:	MA0561195
Mach-1 System Model:	V500c
Load Cell Name:	100N-SN195168
Load Cell Type:	Single-axis
Load Cell Calibration Factor:	1.003782
Load Cell Offset:	31.000000
Load Cell Calibration Date:	2025-08-20
Load Cell Low-pass filter:	Yes
Load Cell Low-pass filter Order:	3
Load Cell Low-pass filter Cutoff frequency (Hz):	20.00
<END INFO>
<Find Contact>
Stage Axis:	Position (z)
Load Cell Axis:	Fz
Direction:	Positive
Contact Criteria, gf:	1.000000
Stage Velocity, mm/s:	0.2000
Stage Limit, mm:	10.0000
Stage Repositioning:	None
Offset, mm:	0.0000
<DATA>
Time, s	Position (z), mm	Fz, gf
0.000000	16.797000	0.000000
0.010000	16.797000	0.000000
0.020000	16.797000	0.000000
0.030000	16.797000	0.000000
0.040000	16.797000	0.000000
0.050000	16.797000	0.000000
0.060000	16.797000	0.000000
0.070000	16.797000	0.000000
0.080000	16.797000	0.000000
0.090000	16.797000	0.000000
0.100000	16.797000	0.000000
0.110000	16.797000	0.000000
0.120000	16.797000	0.000000
0.130000	16.797000	0.000000
0.140000	16.797000	0.000000
0.150000	16.797000	0.000000
0.160000	16.797000	0.000000
0.170000	16.797000	0.000000
0.180000	16.797000	0.000000
0.190000	16.797000	0.000000
0.200000	16.797000	0.000000
0.210000	16.797000	0.000000
0.220000	16.797000	0.000000
0.230000	16.797000	0.000000
0.240000	16.797000	0.000000
0.250000	16.797000	0.000000
0.260000	16.797000	0.000000
0.270000	16.797000	0.000000
0.280000	16.797005	0.000000
0.290000	16.797144	0.000000
0.300000	16.797414	0.000000
0.310000	16.798119	0.000000
0.320000	16.800020	0.000000
0.330000	16.802858	0.000000
0.340000	16.805731	0.000000
0.350000	16.808241	0.000000
0.360000	16.810491	0.000000
0.370000	16.812643	0.000000
0.380000	16.814806	0.000000
0.390000	16.816979	0.000000
0.400000	16.819090	0.000000
0.410000	16.821175	0.000000
0.420000	16.823269	0.000000
0.430000	16.825328	0.000000
0.440000	16.827370	0.000000
0.450000	16.829364	0.000000
0.460000	16.831377	0.000000
0.470000	16.833455	0.000000
0.480000	16.835520	0.000000
0.490000	16.837560	0.000000
0.500000	16.839571	0.000000
0.510000	16.841624	0.000000
0.520000	16.843666	0.000000
0.530000	16.845603	0.000000
0.540000	16.847573	0.000000
0.550000	16.849566	0.000000
0.560000	16.851569	0.000000
0.570000	16.853567	0.000000
0.580000	16.855568	0.000000
0.590000	16.857578	0.000000
0.600000	16.859727	0.000000
0.610000	16.862103	0.000000
0.620000	16.864412	0.000000
0.630000	16.866500	0.000000
0.640000	16.868410	0.000000
0.650000	16.870274	0.000000
0.660000	16.872174	0.000000
0.670000	16.874196	0.000000
0.680000	16.876273	0.000000
0.690000	16.878251	0.000000
0.700000	16.880120	0.000000
0.710000	16.881981	0.000000
0.720000	16.883813	0.000000
0.730000	16.885641	0.000000
0.740000	16.887560	0.000000
0.750000	16.889540	0.000000
0.760000	16.891576	0.000000
0.770000	16.893618	0.000000
0.780000	16.895636	0.000000
0.790000	16.897546	0.000000
0.800000	16.899478	0.000000
0.810000	16.901501	0.501891
0.820000	16.903528	0.501891
0.830000	16.905582	0.501891
0.840000	16.907617	0.000000
0.850000	16.909697	0.000000
0.860000	16.912008	0.000000
0.870000	16.914398	0.000000
0.880000	16.916565	0.000000
0.890000	16.918522	0.000000
0.900000	16.920391	0.000000
0.910000	16.922332	0.000000
0.920000	16.924345	0.000000
0.930000	16.926333	0.000000
0.940000	16.928255	0.000000
0.950000	16.930139	0.000000
0.960000	16.931921	0.000000
0.970000	16.933613	0.000000
0.980000	16.935416	0.000000
0.990000	16.937410	0.000000
1.000000	16.939511	0.000000
1.010000	16.941586	0.000000
1.020000	16.943586	0.000000
1.030000	16.945561	0.000000
1.040000	16.947566	0.000000
1.050000	16.949572	0.000000
1.060000	16.951569	0.000000
1.070000	16.953566	0.000000
1.080000	16.955578	0.000000
1.090000	16.957593	0.000000
1.100000	16.959601	0.000000
1.110000	16.961576	0.000000
1.120000	16.963578	0.000000
1.130000	16.965640	0.000000
1.140000	16.967684	0.000000
1.150000	16.969637	0.000000
1.160000	16.971600	0.000000
1.170000	16.973614	0.000000
1.180000	16.975624	0.000000
1.190000	16.977603	0.000000
1.200000	16.979556	0.000000
1.210000	16.981511	0.000000
1.220000	16.983498	0.000000
1.230000	16.985516	0.000000
1.240000	16.987537	0.000000
1.250000	16.989531	0.000000
1.260000	16.991525	0.000000
1.270000	16.993512	0.000000
1.280000	16.995531	0.000000
1.290000	16.997544	0.000000
1.300000	16.999541	0.000000
1.310000	17.001533	0.000000
1.320000	17.003533	0.000000
1.330000	17.005551	0.501891
1.340000	17.007571	0.000000
1.350000	17.009599	0.000000
1.360000	17.011637	0.000000
1.370000	17.013714	0.000000
1.380000	17.015701	0.000000
1.390000	17.017696	0.000000
1.400000	17.019875	0.000000
1.410000	17.022149	0.000000
1.420000	17.024163	0.000000
1.430000	17.025861	0.000000
1.440000	17.027607	0.000000
1.450000	17.029537	0.000000
1.460000	17.031562	0.000000
1.470000	17.033597	0.000000
1.480000	17.035614	0.000000
1.490000	17.037621	0.000000
1.500000	17.039639	0.000000
1.510000	17.041631	0.000000
1.520000	17.043633	0.000000
1.530000	17.045682	0.000000
1.540000	17.047759	0.000000
1.550000	17.049783	0.000000
1.560000	17.051708	0.000000
1.570000	17.053614	0.000000
1.580000	17.055576	0.000000
1.590000	17.057564	0.000000
1.600000	17.059585	0.000000
1.610000	17.061600	0.000000
1.620000	17.063575	0.000000
1.630000	17.065605	0.000000
1.640000	17.067641	0.000000
1.650000	17.069584	0.000000
1.660000	17.071491	0.000000
1.670000	17.073438	0.000000
1.680000	17.075443	0.000000
1.690000	17.077476	0.000000
1.700000	17.079562	0.501891
1.710000	17.081773	0.000000
1.720000	17.084117	0.000000
1.730000	17.086336	0.000000
1.740000	17.088395	0.501891
1.750000	17.090337	0.501891
1.760000	17.092268	0.501891
1.770000	17.094256	0.000000
1.780000	17.096266	0.501891
1.790000	17.098242	0.501891
1.800000	17.100179	0.501891
1.810000	17.101989	0.000000
1.820000	17.103694	0.000000
1.830000	17.105538	0.000000
1.840000	17.107496	0.000000
1.850000	17.109513	0.000000
1.860000	17.111546	0.000000
1.870000	17.113545	0.000000
1.880000	17.115570	0.000000
1.890000	17.117614	0.000000
1.900000	17.119641	0.501891
1.910000	17.121791	0.000000
1.920000	17.124096	0.501891
1.930000	17.126293	0.000000
1.940000	17.128235	0.000000
1.950000	17.129957	0.000000
1.960000	17.131725	0.000000
1.970000	17.133741	0.000000
1.980000	17.135967	0.000000
1.990000	17.138259	0.000000
2.000000	17.140406	0.000000
2.010000	17.142373	0.000000
2.020000	17.144284	0.000000
2.030000	17.146268	0.000000
2.040000	17.148294	0.000000
2.050000	17.150319	0.000000
2.060000	17.152342	0.000000
2.070000	17.154346	0.000000
2.080000	17.156374	0.000000
2.090000	17.158362	0.000000
2.100000	17.160337	0.000000
2.110000	17.162315	0.000000
2.120000	17.164267	0.000000
2.130000	17.166024	0.000000
2.140000	17.167679	0.000000
2.150000	17.169583	0.501891
2.160000	17.171568	0.501891
2.170000	17.173561	0.501891
2.180000	17.175589	0.501891
2.190000	17.177629	0.501891
2.200000	17.179562	0.501891
2.210000	17.181513	0.501891
2.220000	17.183530	0.501891
2.230000	17.185535	0.501891
2.240000	17.187579	0.501891
2.250000	17.189591	0.501891
2.260000	17.191586	0.501891
2.270000	17.193561	0.501891
2.280000	17.195587	0.501891
2.290000	17.197628	0.501891
2.300000	17.199635	0.501891
2.310000	17.201594	0.501891
2.320000	17.203545	0.501891
2.330000	17.205547	0.501891
2.340000	17.207540	0.501891
2.350000	17.209529	0.501891
2.360000	17.211524	0.501891
2.370000	17.213578	0.501891
2.380000	17.215624	0.501891
2.390000	17.217608	0.501891
2.400000	17.219583	1.003782
2.410000	17.221563	0.501891
2.420000	17.223586	0.501891
2.430000	17.225689	0.501891
2.440000	17.227913	1.003782
2.450000	17.230160	1.003782
2.460000	17.232310	1.003782
2.470000	17.234241	1.003782
2.480000	17.236021	1.003782
2.490000	17.237831	1.003782
2.500000	17.239878	1.003782
2.510000	17.242118	1.003782
2.520000	17.244253	1.003782
2.530000	17.246089	1.003782
2.540000	17.247720	1.003782
2.550000	17.249506	1.003782
2.560000	17.251494	1.003782
2.570000	17.253540	1.003782
2.580000	17.255514	1.003782
2.590000	17.257334	1.003782
2.600000	17.258644	1.003782
2.610000	17.259148	1.003782
2.620000	17.259132	1.003782
2.630000	17.259011	1.003782
2.640000	17.258964	1.003782
2.650000	17.258978	1.003782
2.660000	17.259011	1.003782
2.670000	17.259194	1.003782
2.680000	17.259424	1.003782
2.690000	17.259532	1.003782
2.700000	17.259532	1.003782
2.710000	17.259505	1.003782
2.720000	17.259493	1.003782
2.730000	17.259495	1.003782
2.740000	17.259499	1.003782
2.750000	17.259501	1.003782
2.760000	17.259500	1.003782
2.770000	17.259389	1.003782
2.780000	17.259146	1.003782
2.790000	17.258989	1.003782
2.800000	17.258961	1.003782
2.810000	17.258986	1.003782
2.820000	17.259005	1.003782
2.830000	17.259007	1.003782
2.840000	17.259002	1.003782
2.850000	17.258999	1.003782
2.860000	17.258999	1.003782
2.870000	17.259000	1.003782
2.880000	17.259000	1.003782
2.890000	17.259000	1.003782
2.900000	17.259000	1.003782
2.910000	17.259000	1.003782
2.920000	17.259000	1.003782
2.930000	17.259000	1.003782
2.940000	17.259000	1.003782
2.950000	17.259000	1.003782
2.960000	17.259000	1.003782
2.970000	17.259000	1.003782
2.980000	17.259000	1.003782
2.990000	17.259000	1.003782
3.000000	17.259000	1.003782
3.010000	17.259000	1.003782
3.020000	17.259000	1.003782
3.030000	17.258935	1.003782
3.040000	17.258701	1.003782
3.050000	17.258512	1.003782
3.060000	17.258459	1.003782
3.070000	17.258479	1.003782
3.080000	17.258502	1.003782
3.090000	17.258507	1.003782
3.100000	17.258503	1.003782
3.110000	17.258499	1.003782
3.120000	17.258499	1.003782
3.130000	17.258500	1.003782
3.140000	17.258500	1.003782
3.150000	17.258500	1.003782
3.160000	17.258500	1.003782
3.170000	17.258500	1.003782
3.180000	17.258500	1.003782
3.190000	17.258500	1.003782
<END DATA>
<INFO>
Date:	Tue, Apr 07, 2026
Time:	10:50:43.661
Mach-1 Motion Software Version:	4.5.0.1
Mach-1 System S/N:	MA0561195
Mach-1 System Model:	V500c
Load Cell Name:	100N-SN195168
Load Cell Type:	Single-axis
Load Cell Calibration Factor:	1.003782
Load Cell Offset:	31.000000
Load Cell Calibration Date:	2025-08-20
Load Cell Low-pass filter:	Yes
Load Cell Low-pass filter Order:	3
Load Cell Low-pass filter Cutoff frequency (Hz):	20.00
<END INFO>
<Find Contact>
Stage Axis:	Position (z)
Load Cell Axis:	Fz
Direction:	Positive
Contact Criteria, gf:	1.000000
Stage Velocity, mm/s:	0.2000
Stage Limit, mm:	10.0000
Stage Repositioning:	None
Offset, mm:	0.0000
<DATA>
Time, s	Position (z), mm	Fz, gf
0.000000	17.259000	0.501891
0.010000	17.259000	0.501891
0.020000	17.259000	0.501891
0.030000	17.259000	0.501891
0.040000	17.259000	0.501891
0.050000	17.259000	0.501891
0.060000	17.259000	0.501891
0.070000	17.259000	0.501891
0.080000	17.259000	0.501891
0.090000	17.259000	0.501891
0.100000	17.259000	0.501891
0.110000	17.259000	0.501891
0.120000	17.259000	0.501891
0.130000	17.259000	0.501891
0.140000	17.259000	0.501891
0.150000	17.259000	0.000000
0.160000	17.259000	0.000000
0.170000	17.259000	0.000000
0.180000	17.259000	0.000000
0.190000	17.259000	0.000000
0.200000	17.259000	0.000000
0.210000	17.259000	0.501891
0.220000	17.259000	0.501891
0.230000	17.259000	0.501891
0.240000	17.259000	0.501891
0.250000	17.259000	0.501891
0.260000	17.259000	0.501891
0.270000	17.259001	0.501891
0.280000	17.259106	0.501891
0.290000	17.259363	0.501891
0.300000	17.259983	0.501891
0.310000	17.261736	0.501891
0.320000	17.264465	0.501891
0.330000	17.267357	0.501891
0.340000	17.269974	0.501891
0.350000	17.272323	0.501891
0.360000	17.274497	0.501891
0.370000	17.276643	0.501891
0.380000	17.278806	0.501891
0.390000	17.280996	0.501891
0.400000	17.283177	0.501891
0.410000	17.285288	0.501891
0.420000	17.287322	0.501891
0.430000	17.289335	0.501891
0.440000	17.291342	0.501891
0.450000	17.293323	0.501891
0.460000	17.295290	0.501891
0.470000	17.297288	1.003782
0.480000	17.299307	1.003782
0.490000	17.301321	1.003782
0.500000	17.303323	0.501891
0.510000	17.305359	1.003782
0.520000	17.307385	1.003782
0.530000	17.309402	1.003782
0.540000	17.311413	1.003782
0.550000	17.313414	1.003782
0.560000	17.315415	0.501891
0.570000	17.317422	0.501891
0.580000	17.319452	1.003782
0.590000	17.321485	1.003782
0.600000	17.323493	1.003782
0.610000	17.325512	1.003782
0.620000	17.327578	1.003782
0.630000	17.329605	1.003782
0.640000	17.331488	1.003782
0.650000	17.333367	1.003782
0.660000	17.335314	1.003782
0.670000	17.337323	1.003782
0.680000	17.339342	1.003782
0.690000	17.341309	1.003782
0.700000	17.343303	1.003782
0.710000	17.345358	1.505672
0.720000	17.347382	1.003782
0.730000	17.349406	1.003782
0.740000	17.351488	1.505672
0.750000	17.353664	1.505672
0.760000	17.355948	1.505672
0.770000	17.358153	1.003782
0.780000	17.360195	1.505672
0.790000	17.362189	1.505672
0.800000	17.364174	1.505672
0.810000	17.366140	1.505672
0.820000	17.368121	1.505672
0.830000	17.369933	1.003782
0.840000	17.370984	1.505672
0.850000	17.371290	1.505672
0.860000	17.371404	1.505672
0.870000	17.371472	1.505672
0.880000	17.371502	1.505672
0.890000	17.371506	1.505672
0.900000	17.371501	1.505672
0.910000	17.371499	1.505672
0.920000	17.371499	1.505672
0.930000	17.371500	1.505672
0.940000	17.371500	1.505672
0.950000	17.371500	1.505672
0.960000	17.371396	1.003782
0.970000	17.371153	1.505672
0.980000	17.370992	1.505672
0.990000	17.370960	1.505672
1.000000	17.370985	1.505672
1.010000	17.371005	1.505672
1.020000	17.371007	1.505672
1.030000	17.371002	1.505672
1.040000	17.370999	1.505672
1.050000	17.370999	1.003782
1.060000	17.371000	1.003782
1.070000	17.371000	1.003782
1.080000	17.371000	1.003782
1.090000	17.371000	1.003782
1.100000	17.371000	1.505672
1.110000	17.371000	1.505672
1.120000	17.371000	1.003782
1.130000	17.371000	1.003782
1.140000	17.371000	1.003782
1.150000	17.371000	1.505672
1.160000	17.371000	1.505672
1.170000	17.370988	1.505672
1.180000	17.370812	1.003782
1.190000	17.370579	1.505672
1.200000	17.370468	1.505672
1.210000	17.370467	1.505672
1.220000	17.370494	1.003782
1.230000	17.370507	1.505672
1.240000	17.370505	1.505672
1.250000	17.370501	1.505672
1.260000	17.370499	1.505672
1.270000	17.370499	1.505672
1.280000	17.370500	1.003782
1.290000	17.370500	1.003782
1.300000	17.370500	1.003782
1.310000	17.370500	1.003782
1.320000	17.370500	1.505672
1.330000	17.370500	1.003782
1.340000	17.370500	1.003782
1.350000	17.370500	1.003782
1.360000	17.370500	1.003782
1.370000	17.370500	1.505672
1.380000	17.370500	1.505672
1.390000	17.370500	1.003782
<END DATA>
<INFO>
Date:	Tue, Apr 07, 2026
Time:	10:50:45.061
Mach-1 Motion Software Version:	4.5.0.1
Mach-1 System S/N:	MA0561195
Mach-1 System Model:	V500c
Load Cell Name:	100N-SN195168
Load Cell Type:	Single-axis
Load Cell Calibration Factor:	1.003782
Load Cell Offset:	31.000000
Load Cell Calibration Date:	2025-08-20
Load Cell Low-pass filter:	Yes
Load Cell Low-pass filter Order:	3
Load Cell Low-pass filter Cutoff frequency (Hz):	20.00
<END INFO>
<Sinusoid>
Stage Axis:	Position (z)
Amplitude, mm:	5.0000
Frequency, Hz:	1.00000
Number of Cycles:	5
<DATA>
Time, s	Position (z), mm	Fz, gf
0.000000	17.370500	1.003782
0.010000	17.370500	1.505672
0.020000	17.370500	1.505672
0.030000	17.370500	1.505672
0.040000	17.370500	1.505672
0.050000	17.370500	1.505672
0.060000	17.370500	1.505672
0.070000	17.370500	1.003782
0.080000	17.370500	1.003782
0.090000	17.370500	1.003782
0.100000	17.370000	1.003782
0.110000	17.370000	1.505672
0.120000	17.370000	1.505672
0.130000	17.370000	1.505672
0.140000	17.370000	1.505672
0.150000	17.370000	1.505672
0.160000	17.370000	1.505672
0.170000	17.370000	1.505672
0.180000	17.370000	1.003782
0.190000	17.370000	1.003782
0.200000	17.370000	1.003782
0.210000	17.370000	1.003782
0.220000	17.370000	1.003782
0.230000	17.370000	1.003782
0.240000	17.370000	1.003782
0.250000	17.370000	1.505672
0.260000	17.370000	1.003782
0.270000	17.370000	1.003782
0.280000	17.370000	1.003782
0.290000	17.370000	1.505672
0.300000	17.370000	1.505672
0.310000	17.370000	1.505672
0.320000	17.370000	1.505672
0.330000	17.370000	1.505672
0.340000	17.370000	1.505672
0.350000	17.370000	1.505672
0.360000	17.370000	1.003782
0.370000	17.370000	1.003782
0.380000	17.370000	1.003782
0.390000	17.370000	1.003782
0.400000	17.370000	1.505672
0.410000	17.370000	1.505672
0.420000	17.370000	1.003782
0.430000	17.370000	1.505672
0.440000	17.370000	1.003782
0.450000	17.370000	1.003782
0.460000	17.370000	1.003782
0.470000	17.370000	1.003782
0.480000	17.370000	1.505672
0.490000	17.370000	1.505672
0.500000	17.370000	1.003782
0.510000	17.370000	1.003782
0.520000	17.370000	1.003782
0.530000	17.370000	1.003782
0.540000	17.370000	1.505672
0.550000	17.370000	1.003782
0.560000	17.370000	1.003782
0.570000	17.370000	1.003782
0.580000	17.370000	1.505672
0.590000	17.370000	1.505672
0.600000	17.370000	1.003782
0.610000	17.370000	1.505672
0.620000	17.370000	1.505672
0.630000	17.370000	1.505672
0.640000	17.370000	1.505672
0.650000	17.370000	1.003782
0.660000	17.370000	1.003782
0.670000	17.370000	1.003782
0.680000	17.370000	1.003782
0.690000	17.370000	1.003782
0.700000	17.370000	1.003782
0.710000	17.370000	1.003782
0.720000	17.370000	1.003782
0.730000	17.370000	1.003782
0.740000	17.370000	1.505672
0.750000	17.370000	1.003782
0.760000	17.370000	1.003782
0.770000	17.370000	1.003782
0.780000	17.370000	1.505672
0.790000	17.370000	1.505672
0.800000	17.370000	1.505672
0.810000	17.370000	1.505672
0.820000	17.370000	1.003782
0.830000	17.370000	1.003782
0.840000	17.370000	1.003782
0.850000	17.370000	1.003782
0.860000	17.370000	1.003782
0.870000	17.370000	1.003782
0.880000	17.370000	1.505672
0.890000	17.370000	1.505672
0.900000	17.370000	1.003782
0.910000	17.370000	1.003782
0.920000	17.370000	1.003782
0.930000	17.370000	1.003782
0.940000	17.370000	1.003782
0.950000	17.370000	1.003782
0.960000	17.370000	1.505672
0.970000	17.370000	1.505672
0.980000	17.370000	1.505672
0.990000	17.370000	1.003782
1.000000	17.370000	1.505672
1.010000	17.370000	1.003782
1.020000	17.370000	1.003782
1.030000	17.370000	1.003782
1.040000	17.370000	1.505672
1.050000	17.370000	1.505672
1.060000	17.370000	1.003782
1.070000	17.370000	1.003782
1.080000	17.370000	1.003782
1.090000	17.370000	1.003782
1.100000	17.370000	1.003782
1.110000	17.370000	1.003782
1.120000	17.370000	1.003782
1.130000	17.370000	1.003782
1.140000	17.370000	1.003782
1.150000	17.370000	1.003782
1.160000	17.370000	1.505672
1.170000	17.370005	1.505672
1.180000	17.370470	1.505672
1.190000	17.375632	1.505672
1.200000	17.392439	2.007563
1.210000	17.425799	3.011345
1.220000	17.479175	3.513236
1.230000	17.556481	5.018908
1.240000	17.662387	6.524580
1.250000	17.801382	8.532144
1.260000	17.975481	10.037816
1.270000	18.182457	12.547270
1.280000	18.417564	15.056724
1.290000	18.675473	17.566178
1.300000	18.951430	20.577523
1.310000	19.240961	23.588868
1.320000	19.539538	26.098322
1.330000	19.842809	29.109666
1.340000	20.146608	32.121011
1.350000	20.446452	34.630465
1.360000	20.737784	37.139919
1.370000	21.016181	39.649373
1.380000	21.277087	41.656936
1.390000	21.515849	43.664499
1.400000	21.727935	45.170172
1.410000	21.908946	46.675844
1.420000	22.055132	47.679626
1.430000	22.166974	48.181517
1.440000	22.248123	48.683407
1.450000	22.303937	49.185298
1.460000	22.339590	49.185298
1.470000	22.359680	49.185298
1.480000	22.368618	48.683407
1.490000	22.370972	48.683407
1.500000	22.370789	48.181517
1.510000	22.370372	48.181517
1.520000	22.370315	48.181517
1.530000	22.370434	47.679626
1.540000	22.370297	47.679626
1.550000	22.366930	46.675844
1.560000	22.353601	46.173953
1.570000	22.324881	45.170172
1.580000	22.277002	44.166390
1.590000	22.206084	42.660718
1.600000	22.107698	41.155046
1.610000	21.977522	39.147482
1.620000	21.812578	37.139919
1.630000	21.613858	35.132356
1.640000	21.385626	33.124793
1.650000	21.133144	30.615339
1.660000	20.861497	27.603994
1.670000	20.575201	25.094540
1.680000	20.278640	22.083195
1.690000	19.976259	19.071850
1.700000	19.672181	16.060506
1.710000	19.368253	13.049161
1.720000	19.064532	10.037816
1.730000	18.761067	7.026471
1.740000	18.457810	4.517017
1.750000	18.154340	2.007563
1.760000	17.850658	0.501891
1.770000	17.547194	0.000000
1.780000	17.243687	0.000000
1.790000	16.939977	0.501891
1.800000	16.636535	0.501891
1.810000	16.333280	0.000000
1.820000	16.029662	0.000000
1.830000	15.726135	0.000000
1.840000	15.422752	0.000000
1.850000	15.119167	0.000000
1.860000	14.815601	0.000000
1.870000	14.513465	0.501891
1.880000	14.215915	0.501891
1.890000	13.927499	0.501891
1.900000	13.653176	1.003782
1.910000	13.397627	1.003782
1.920000	13.165328	1.003782
1.930000	12.960896	1.505672
1.940000	12.788864	1.505672
1.950000	12.651897	1.505672
1.960000	12.548541	1.003782
1.970000	12.474468	1.003782
1.980000	12.424261	1.003782
1.990000	12.392947	0.501891
2.000000	12.376147	0.501891
2.010000	12.369317	0.501891
2.020000	12.367910	0.000000
2.030000	12.368312	0.000000
2.040000	12.368671	0.000000
2.050000	12.368869	0.000000
2.060000	12.372038	0.501891
2.070000	12.385498	0.501891
2.080000	12.414816	1.003782
2.090000	12.463512	1.003782
2.100000	12.535135	1.003782
2.110000	12.634378	1.003782
2.120000	12.765641	1.505672
2.130000	12.931822	1.505672
2.140000	13.131670	1.003782
2.150000	13.360874	1.003782
2.160000	13.613919	0.501891
2.170000	13.886062	0.501891
2.180000	14.172781	0.501891
2.190000	14.469703	0.501891
2.200000	14.772306	0.000000
2.210000	15.076757	0.000000
2.220000	15.380762	0.000000
2.230000	15.683974	0.000000
2.240000	15.987332	0.000000
2.250000	16.291037	0.000000
2.260000	16.594714	0.000000
2.270000	16.898261	0.000000
2.280000	17.201719	0.501891
2.290000	17.505083	2.007563
2.300000	17.808313	5.520799
2.310000	18.111854	9.535925
2.320000	18.415557	13.049161
2.330000	18.719182	16.562396
2.340000	19.022639	19.573741
2.350000	19.325977	22.585086
2.360000	19.629268	25.596431
2.370000	19.932613	28.607776
2.380000	20.234894	31.619120
2.390000	20.532444	34.128574
2.400000	20.820568	36.638028
2.410000	21.094360	39.147482
2.420000	21.349252	41.155046
2.430000	21.580579	43.162609
2.440000	21.784080	44.668281
2.450000	21.955188	45.672063
2.460000	22.091077	46.675844
2.470000	22.193505	47.177735
2.480000	22.266684	47.679626
2.490000	22.316169	47.679626
2.500000	22.346799	47.679626
2.510000	22.363181	47.679626
2.520000	22.369742	47.679626
2.530000	22.371031	47.679626
2.540000	22.370643	47.679626
2.550000	22.370324	47.177735
2.560000	22.370345	46.675844
2.570000	22.370431	46.675844
2.580000	22.368930	46.173953
2.590000	22.359958	45.672063
2.600000	22.337287	44.668281
2.610000	22.296757	44.166390
2.620000	22.234597	42.660718
2.630000	22.146500	41.155046
2.640000	22.028175	39.147482
2.650000	21.875847	37.139919
2.660000	21.688901	35.132356
2.670000	21.470691	33.124793
2.680000	21.226305	30.615339
2.690000	20.960973	28.105885
2.700000	20.679463	25.596431
2.710000	20.386144	22.585086
2.720000	20.085281	19.573741
2.730000	19.781395	16.562396
2.740000	19.477273	13.551052
2.750000	19.173488	10.539707
2.760000	18.869958	7.528362
2.770000	18.566678	4.517017
2.780000	18.263355	2.007563
2.790000	17.959674	0.501891
2.800000	17.656190	0.000000
2.810000	17.352734	0.000000
2.820000	17.049067	0.000000
2.830000	16.745540	0.000000
2.840000	16.442202	0.000000
2.850000	16.138750	0.000000
2.860000	15.835205	0.000000
2.870000	15.531822	0.000000
2.880000	15.228252	0.000000
2.890000	14.924543	0.000000
2.900000	14.621700	0.501891
2.910000	14.322047	0.501891
2.920000	14.029746	0.501891
2.930000	13.749831	1.003782
2.940000	13.486979	1.003782
2.950000	13.245783	1.003782
2.960000	13.030835	1.003782
2.970000	12.846721	1.505672
2.980000	12.697114	1.505672
2.990000	12.582070	1.505672
3.000000	12.498043	1.003782
3.010000	12.439884	1.003782
3.020000	12.402300	0.501891
3.030000	12.380728	0.501891
3.040000	12.370854	0.501891
3.050000	12.368016	0.000000
3.060000	12.368112	0.000000
3.070000	12.368601	0.000000
3.080000	12.369307	0.501891
3.090000	12.374968	0.501891
3.100000	12.392840	1.003782
3.110000	12.427787	1.003782
3.120000	12.483219	1.003782
3.130000	12.562903	1.003782
3.140000	12.671566	1.505672
3.150000	12.813506	1.505672
3.160000	12.990454	1.505672
3.170000	13.199997	1.003782
3.180000	13.437201	1.003782
3.190000	13.696629	0.501891
3.200000	13.973732	0.501891
3.210000	14.264110	0.501891
3.220000	14.563258	0.501891
3.230000	14.866790	0.000000
3.240000	15.171205	0.000000
3.250000	15.474855	0.000000
3.260000	15.778055	0.000000
3.270000	16.081529	0.000000
3.280000	16.385251	0.000000
3.290000	16.688847	0.000000
3.300000	16.992346	0.000000
3.310000	17.295934	0.501891
3.320000	17.599312	2.509454
3.330000	17.902663	6.022690
3.340000	18.206281	10.037816
3.350000	18.509923	13.551052
3.360000	18.813455	16.562396
3.370000	19.116926	20.075632
3.380000	19.420362	23.086977
3.390000	19.723539	26.098322
3.400000	20.026746	29.109666
3.410000	20.328039	31.619120
3.420000	20.623218	34.630465
3.430000	20.907420	37.139919
3.440000	21.175794	39.147482
3.450000	21.423834	41.155046
3.460000	21.647001	43.162609
3.470000	21.840888	44.668281
3.480000	22.001184	45.672063
3.490000	22.126354	46.675844
3.500000	22.219121	47.177735
3.510000	22.284334	47.177735
3.520000	22.327461	47.679626
3.530000	22.353195	47.679626
3.540000	22.366064	47.679626
3.550000	22.370537	47.177735
3.560000	22.370995	47.177735
3.570000	22.370511	46.675844
3.580000	22.370301	46.675844
3.590000	22.370380	46.173953
3.600000	22.370317	46.173953
3.610000	22.367296	45.672063
3.620000	22.354686	45.170172
3.630000	22.327005	44.166390
3.640000	22.280387	43.162609
3.650000	22.210934	41.656936
3.660000	22.114215	40.151264
3.670000	21.985981	38.143701
3.680000	21.823133	36.136138
3.690000	21.626320	34.128574
3.700000	21.399706	32.121011
3.710000	21.148455	29.611557
3.720000	20.877842	27.102103
3.730000	20.592366	24.090758
3.740000	20.296343	21.079414
3.750000	19.994129	18.068069
3.760000	19.689957	15.056724
3.770000	19.385961	12.045379
3.780000	19.082347	9.034034
3.790000	18.778986	6.022690
3.800000	18.475665	3.513236
3.810000	18.172094	1.003782
3.820000	17.868373	0.000000
3.830000	17.564953	0.000000
3.840000	17.261501	0.000000
3.850000	16.957760	0.501891
3.860000	16.654293	0.501891
3.870000	16.351075	0.501891
3.880000	16.047508	0.000000
3.890000	15.743973	0.000000
3.900000	15.440578	0.000000
3.910000	15.136968	0.000000
3.920000	14.833417	0.000000
3.930000	14.531182	0.501891
3.940000	14.233209	0.501891
3.950000	13.944029	0.501891
3.960000	13.668745	1.003782
3.970000	13.412005	1.003782
3.980000	13.178195	1.003782
3.990000	12.972010	1.003782
4.000000	12.797990	1.505672
4.010000	12.658965	1.505672
4.020000	12.553720	1.505672
4.030000	12.478043	1.003782
4.040000	12.426586	0.501891
4.050000	12.394288	0.501891
4.060000	12.376759	0.501891
4.070000	12.369536	0.501891
4.080000	12.367956	0.000000
4.090000	12.368304	0.000000
4.100000	12.368684	0.000000
4.110000	12.369489	0.501891
4.120000	12.375906	0.501891
4.130000	12.395048	1.003782
4.140000	12.431484	1.003782
4.150000	12.488681	1.003782
4.160000	12.570521	1.003782
4.170000	12.681707	1.505672
4.180000	12.826511	1.505672
4.190000	13.006220	1.505672
4.200000	13.218159	1.003782
4.210000	13.457319	1.003782
4.220000	13.718375	0.501891
4.230000	13.996739	0.501891
4.240000	14.288072	0.501891
4.250000	14.587760	0.000000
4.260000	14.891493	0.000000
4.270000	15.195756	0.000000
4.280000	15.499375	0.000000
4.290000	15.802557	0.000000
4.300000	16.106096	0.000000
4.310000	16.409892	0.000000
4.320000	16.713403	0.000000
4.330000	17.016885	0.000000
4.340000	17.320453	0.501891
4.350000	17.623748	2.509454
4.360000	17.927075	5.520799
4.370000	18.230752	9.535925
4.380000	18.534450	13.049161
4.390000	18.837958	16.562396
4.400000	19.141367	19.573741
4.410000	19.444768	23.086977
4.420000	19.748000	26.098322
4.430000	20.051171	29.109666
4.440000	20.352126	31.619120
4.450000	20.646560	34.128574
4.460000	20.929649	36.638028
4.470000	21.196599	39.147482
4.480000	21.442842	41.155046
4.490000	21.663813	42.660718
4.500000	21.855115	44.166390
4.510000	22.012542	45.170172
4.520000	22.134965	46.173953
4.530000	22.225306	46.675844
4.540000	22.288549	47.177735
4.550000	22.330096	47.177735
4.560000	22.354652	47.177735
4.570000	22.366676	47.177735
4.580000	22.370649	47.177735
4.590000	22.370940	46.675844
4.600000	22.370470	46.675844
4.610000	22.370301	46.173953
4.620000	22.370394	46.173953
4.630000	22.370499	46.173953
4.640000	22.370528	45.672063
4.650000	22.370188	45.672063
4.660000	22.366133	45.170172
4.670000	22.351612	44.166390
4.680000	22.321466	43.664499
4.690000	22.271956	42.660718
4.700000	22.198991	41.155046
4.710000	22.098121	39.147482
4.720000	21.965120	37.641810
4.730000	21.797336	35.634247
4.740000	21.596054	33.626684
4.750000	21.365646	31.117230
4.760000	21.111393	28.607776
4.770000	20.838391	26.098322
4.780000	20.551175	23.588868
4.790000	20.254038	20.577523
4.800000	19.951353	17.566178
4.810000	19.647125	14.052942
4.820000	19.343184	11.041598
4.830000	19.039533	8.532144
4.840000	18.736086	5.520799
4.850000	18.432829	2.509454
4.860000	18.129407	0.501891
4.870000	17.825784	0.000000
4.880000	17.522266	0.000000
4.890000	17.218697	0.501891
4.900000	16.914991	0.000000
4.910000	16.611598	0.000000
4.920000	16.308388	0.000000
4.930000	16.004790	0.000000
4.940000	15.701309	0.000000
4.950000	15.397926	0.000000
4.960000	15.094240	0.000000
4.970000	14.790724	0.000000
4.980000	14.488836	0.501891
4.990000	14.191796	0.501891
5.000000	13.904298	0.501891
5.010000	13.631372	0.501891
5.020000	13.377622	1.003782
5.030000	13.147429	1.003782
5.040000	12.945456	1.003782
5.050000	12.776288	1.505672
5.060000	12.642225	1.505672
5.070000	12.541441	1.505672
5.080000	12.469521	1.003782
5.090000	12.421037	1.003782
5.100000	12.391082	0.501891
5.110000	12.375257	0.501891
5.120000	12.369062	0.501891
5.130000	12.367936	0.000000
5.140000	12.368369	0.000000
5.150000	12.368688	0.000000
5.160000	12.369111	0.501891
5.170000	12.373782	0.501891
5.180000	12.389904	1.003782
5.190000	12.422506	1.003782
5.200000	12.475007	1.003782
5.210000	12.551234	1.003782
5.220000	12.655871	1.505672
5.230000	12.793315	1.505672
5.240000	12.965783	1.505672
5.250000	13.171360	1.505672
5.260000	13.405334	1.003782
5.270000	13.662197	1.003782
5.280000	13.937307	0.501891
5.290000	14.226237	0.501891
5.300000	14.524535	0.501891
5.310000	14.827693	0.000000
5.320000	15.132078	0.000000
5.330000	15.435904	0.000000
5.340000	15.739120	0.000000
5.350000	16.042530	0.000000
5.360000	16.346281	0.000000
5.370000	16.649992	0.000000
5.380000	16.953531	0.000000
5.390000	17.256962	0.501891
5.400000	17.560238	1.505672
5.410000	17.863528	4.517017
5.420000	18.167184	8.532144
5.430000	18.470926	12.045379
5.440000	18.774509	15.558615
5.450000	19.077947	19.071850
5.460000	19.381351	22.083195
5.470000	19.684542	25.094540
5.480000	19.987811	28.105885
5.490000	20.289557	30.615339
5.500000	20.585759	33.626684
5.510000	20.871616	36.136138
5.520000	21.142269	38.143701
5.530000	21.393239	40.653155
5.540000	21.619852	42.158827
5.550000	21.817710	43.664499
5.560000	21.982494	44.668281
5.570000	22.112112	45.672063
5.580000	22.208811	46.675844
5.590000	22.277247	46.675844
5.600000	22.322943	47.177735
5.610000	22.350674	47.177735
5.620000	22.364949	47.177735
5.630000	22.370227	46.675844
5.640000	22.370999	46.675844
5.650000	22.370556	46.675844
5.660000	22.370309	46.173953
5.670000	22.370309	45.672063
5.680000	22.368595	45.170172
5.690000	22.358905	44.668281
5.700000	22.335166	44.166390
5.710000	22.293363	43.162609
5.720000	22.229782	41.656936
5.730000	22.140049	40.151264
5.740000	22.019781	38.143701
5.750000	21.865270	36.638028
5.760000	21.676233	34.630465
5.770000	21.456226	32.121011
5.780000	21.210384	29.611557
5.790000	20.943905	27.102103
5.800000	20.661519	24.592649
5.810000	20.367602	21.581304
5.820000	20.066512	18.569960
5.830000	19.762636	15.558615
5.840000	19.458516	12.547270
5.850000	19.154762	9.034034
5.860000	18.851233	6.524580
5.870000	18.547945	3.513236
5.880000	18.244596	1.003782
5.890000	17.940862	0.000000
5.900000	17.637365	0.000000
5.910000	17.333924	0.000000
5.920000	17.030236	0.000000
5.930000	16.726665	0.501891
5.940000	16.423429	0.000000
5.950000	16.119953	0.000000
5.960000	15.816339	0.000000
5.970000	15.512934	0.000000
5.980000	15.209413	0.000000
5.990000	14.905720	0.000000
6.000000	14.602980	0.501891
6.010000	14.303651	0.501891
6.020000	14.011924	0.501891
6.030000	13.732884	1.003782
6.040000	13.471288	1.003782
6.050000	13.231672	1.003782
6.060000	13.018510	1.505672
6.070000	12.836443	1.505672
6.080000	12.688980	1.505672
6.090000	12.575967	1.505672
6.100000	12.493726	1.003782
6.110000	12.436966	0.501891
6.120000	12.400547	0.501891
6.130000	12.379861	0.501891
6.140000	12.370566	0.501891
6.150000	12.368005	0.501891
6.160000	12.368157	0.501891
6.170000	12.368610	0.000000
6.180000	12.368692	0.000000
6.190000	12.368621	0.000000
6.200000	12.370044	0.501891
6.210000	12.378989	0.501891
6.220000	12.401712	1.003782
6.230000	12.442478	1.003782
6.240000	12.504685	1.003782
6.250000	12.592624	1.505672
6.260000	12.710981	1.505672
6.270000	12.863602	1.505672
6.280000	13.050844	1.003782
6.290000	13.269321	1.003782
6.300000	13.513819	1.003782
6.310000	13.779155	1.003782
6.320000	14.060791	0.501891
6.330000	14.354392	0.501891
6.340000	14.655401	0.501891
6.350000	14.959451	0.000000
6.360000	15.262195	0.000000
6.370000	15.559198	-0.501891
6.380000	15.846056	-0.501891
6.390000	16.118311	-0.501891
6.400000	16.371361	-0.501891
6.410000	16.600532	-1.003782
6.420000	16.801300	-1.003782
6.430000	16.969269	-1.505672
6.440000	17.101967	-1.505672
6.450000	17.201367	-1.003782
6.460000	17.272149	-1.003782
6.470000	17.319705	-0.501891
6.480000	17.348782	-0.501891
6.490000	17.364087	0.000000
6.500000	17.369989	0.000000
6.510000	17.371006	0.000000
6.520000	17.370592	0.000000
6.530000	17.370315	0.000000
6.540000	17.370358	0.000000
6.550000	17.370475	0.000000
6.560000	17.370526	0.000000
6.570000	17.370519	0.000000
6.580000	17.370502	0.000000
6.590000	17.370495	0.000000
6.600000	17.370497	0.000000
6.610000	17.370500	0.000000
6.620000	17.370501	0.000000
6.630000	17.370500	0.000000
6.640000	17.370500	0.000000
6.650000	17.370500	0.000000
6.660000	17.370500	0.000000
6.670000	17.370500	0.000000
6.680000	17.370500	0.000000
6.690000	17.370500	0.000000
6.700000	17.370500	0.000000
6.710000	17.370500	0.000000
6.720000	17.370500	0.000000
6.730000	17.370500	0.000000
6.740000	17.370500	0.000000
6.750000	17.370500	0.000000
6.760000	17.370500	0.000000
6.770000	17.370500	0.501891
6.780000	17.370500	0.501891
6.790000	17.370500	0.000000
6.800000	17.371000	0.000000
6.810000	17.371000	0.000000
6.820000	17.371000	0.000000
6.830000	17.371000	0.000000
6.840000	17.371000	0.000000
6.850000	17.371000	0.000000
6.860000	17.371000	0.501891
6.870000	17.371000	0.501891
6.880000	17.371000	0.501891
6.890000	17.371000	0.000000
<END DATA>
