<Mach-1 File>
<INFO>
Date:	Tue, Apr 07, 2026
Time:	10:48:56.861
Mach-1 Motion Software Version:	4.5.0.1
Mach-1 System S/N:	MA0561195
Mach-1 System Model:	V500c
Load Cell Name:	100N-SN195168
Load Cell Type:	Single-axis
Load Cell Calibration Factor:	1.003782
Load Cell Offset:	31.000000
Load Cell Calibration Date:	2025-08-20
Load Cell Low-pass filter:	Yes
Load Cell Low-pass filter Order:	3
Load Cell Low-pass filter Cutoff frequency (Hz):	20.00
<END INFO>
<Sinusoid>
Stage Axis:	Position (z)
Amplitude, mm:	5.0000
Frequency, Hz:	1.00000
Number of Cycles:	5
<DATA>
Time, s	Position (z), mm	Fz, gf
0.000000	16.797000	0.000000
0.010000	16.797000	0.000000
0.020000	16.797000	0.000000
0.030000	16.797000	0.000000
0.040000	16.797000	0.000000
0.050000	16.797000	0.000000
0.060000	16.797000	0.000000
0.070000	16.797000	0.000000
0.080000	16.797000	0.000000
0.090000	16.797000	0.000000
0.100000	16.797000	0.000000
0.110000	16.797000	0.000000
0.120000	16.797000	0.000000
0.130000	16.797000	0.000000
0.140000	16.797000	0.000000
0.150000	16.797000	0.000000
0.160000	16.797000	0.000000
0.170000	16.797000	0.000000
0.180000	16.797000	0.000000
0.190000	16.797000	0.000000
0.200000	16.797000	0.000000
0.210000	16.797000	0.000000
0.220000	16.797000	0.000000
0.230000	16.797000	0.000000
0.240000	16.797000	0.000000
0.250000	16.797000	0.000000
0.260000	16.797000	0.000000
0.270000	16.797000	0.000000
0.280000	16.797000	0.000000
0.290000	16.797000	0.000000
0.300000	16.797000	0.000000
0.310000	16.797000	0.000000
0.320000	16.797000	0.000000
0.330000	16.797000	0.000000
0.340000	16.797000	0.000000
0.350000	16.797000	0.000000
0.360000	16.797000	0.000000
0.370000	16.797000	0.000000
0.380000	16.797000	0.000000
0.390000	16.797000	0.000000
0.400000	16.797000	0.000000
0.410000	16.797000	0.000000
0.420000	16.797000	0.000000
0.430000	16.797000	0.000000
0.440000	16.797000	0.000000
0.450000	16.797000	0.000000
0.460000	16.797000	0.000000
0.470000	16.797000	0.000000
0.480000	16.797000	0.000000
0.490000	16.797000	0.000000
0.500000	16.797000	0.000000
0.510000	16.797000	0.000000
0.520000	16.797000	0.000000
0.530000	16.797000	0.000000
0.540000	16.797000	0.000000
0.550000	16.797000	0.000000
0.560000	16.797000	0.000000
0.570000	16.797000	0.000000
0.580000	16.797000	0.000000
0.590000	16.797000	0.000000
0.600000	16.797000	0.000000
0.610000	16.797000	0.000000
0.620000	16.797000	0.000000
0.630000	16.797000	0.000000
0.640000	16.797000	0.000000
0.650000	16.797000	0.000000
0.660000	16.797000	0.000000
0.670000	16.797000	0.000000
0.680000	16.797000	0.000000
0.690000	16.797000	0.000000
0.700000	16.797000	0.000000
0.710000	16.797000	0.000000
0.720000	16.797000	0.000000
0.730000	16.797000	0.000000
0.740000	16.797000	0.000000
0.750000	16.797000	0.000000
0.760000	16.797000	0.000000
0.770000	16.797000	0.000000
0.780000	16.797000	0.000000
0.790000	16.797000	0.000000
0.800000	16.797000	0.000000
0.810000	16.797000	0.000000
0.820000	16.797000	0.000000
0.830000	16.797000	0.000000
0.840000	16.797000	0.000000
0.850000	16.797000	0.000000
0.860000	16.797000	0.000000
0.870000	16.797000	0.000000
0.880000	16.797000	0.000000
0.890000	16.797000	0.000000
0.900000	16.797000	0.000000
0.910000	16.797000	0.000000
0.920000	16.797000	0.000000
0.930000	16.797000	0.000000
0.940000	16.797000	0.000000
0.950000	16.797000	0.000000
0.960000	16.797000	0.000000
0.970000	16.797000	0.000000
0.980000	16.797000	0.000000
0.990000	16.797000	0.000000
1.000000	16.797000	0.000000
1.010000	16.797000	0.000000
1.020000	16.797000	0.000000
1.030000	16.797000	0.000000
1.040000	16.797000	0.000000
1.050000	16.797000	0.000000
1.060000	16.797000	0.000000
1.070000	16.797000	0.000000
1.080000	16.797000	0.000000
1.090000	16.797000	0.000000
1.100000	16.797000	0.000000
1.110000	16.797000	0.000000
1.120000	16.797000	0.000000
1.130000	16.797000	0.000000
1.140000	16.797000	0.000000
1.150000	16.797000	0.000000
1.160000	16.797000	0.000000
1.170000	16.797000	0.000000
1.180000	16.797000	0.000000
1.190000	16.797000	0.000000
1.200000	16.797000	0.000000
1.210000	16.797000	0.000000
1.220000	16.797000	0.000000
1.230000	16.797001	0.000000
1.240000	16.797175	0.000000
1.250000	16.799741	0.501891
1.260000	16.811835	0.501891
1.270000	16.839308	1.003782
1.280000	16.886040	1.003782
1.290000	16.955225	1.003782
1.300000	17.051114	2.509454
1.310000	17.178662	4.015126
1.320000	17.341274	6.022690
1.330000	17.537763	8.532144
1.340000	17.763998	11.543488
1.350000	18.014834	14.052942
1.360000	18.285364	17.064287
1.370000	18.570893	20.577523
1.380000	18.867002	23.588868
1.390000	19.169188	27.102103
1.400000	19.473276	30.113448
1.410000	19.774866	32.622902
1.420000	20.069500	35.634247
1.430000	20.352689	38.143701
1.440000	20.619930	40.653155
1.450000	20.866693	42.660718
1.460000	21.088315	44.668281
1.470000	21.280225	45.672063
1.480000	21.438319	46.675844
1.490000	21.561105	47.679626
1.500000	21.651883	48.683407
1.510000	21.715674	48.683407
1.520000	21.757448	48.683407
1.530000	21.782016	48.683407
1.540000	21.793939	48.683407
1.550000	21.797626	48.181517
1.560000	21.797584	48.181517
1.570000	21.797114	47.679626
1.580000	21.797170	47.679626
1.590000	21.797414	47.679626
1.600000	21.797535	47.177735
1.610000	21.796487	46.675844
1.620000	21.788111	46.173953
1.630000	21.765367	45.672063
1.640000	21.724313	44.668281
1.650000	21.661426	43.162609
1.660000	21.572962	41.656936
1.670000	21.454274	40.151264
1.680000	21.301361	38.143701
1.690000	21.113680	35.634247
1.700000	20.894875	33.124793
1.710000	20.650196	30.615339
1.720000	20.384689	28.105885
1.730000	20.102878	25.094540
1.740000	19.809266	21.581304
1.750000	19.508399	18.569960
1.760000	19.204430	15.056724
1.770000	18.899988	12.045379
1.780000	18.596374	8.532144
1.790000	18.293254	5.520799
1.800000	17.989780	3.011345
1.810000	17.686268	0.501891
1.820000	17.382854	0.000000
1.830000	17.079153	0.000000
1.840000	16.775497	0.000000
1.850000	16.472036	0.000000
1.860000	16.168680	0.000000
1.870000	15.865113	0.000000
1.880000	15.561727	0.000000
1.890000	15.258317	0.000000
1.900000	14.954621	0.000000
1.910000	14.651154	0.000000
1.920000	14.347803	0.000000
1.930000	14.044903	0.000000
1.940000	13.745127	0.501891
1.950000	13.452967	0.501891
1.960000	13.173219	0.501891
1.970000	12.910677	1.003782
1.980000	12.670019	1.003782
1.990000	12.455691	1.003782
2.000000	12.272220	1.003782
2.010000	12.122931	1.505672
2.020000	12.008267	1.003782
2.030000	11.924533	1.003782
2.040000	11.866715	1.003782
2.050000	11.829571	0.501891
2.060000	11.808519	0.501891
2.070000	11.798880	0.000000
2.080000	11.796082	0.000000
2.090000	11.796138	0.000000
2.100000	11.796588	0.000000
2.110000	11.796992	0.501891
2.120000	11.801600	0.501891
2.130000	11.818463	1.003782
2.140000	11.852702	1.003782
2.150000	11.907378	1.003782
2.160000	11.985766	1.003782
2.170000	12.092593	1.505672
2.180000	12.232541	1.505672
2.190000	12.407708	1.003782
2.200000	12.615569	1.003782
2.210000	12.851354	1.003782
2.220000	13.109836	0.501891
2.230000	13.386242	0.501891
2.240000	13.675982	0.501891
2.250000	13.974676	0.501891
2.260000	14.277933	0.000000
2.270000	14.582190	0.000000
2.280000	14.886073	0.000000
2.290000	15.189669	0.000000
2.300000	15.493144	0.000000
2.310000	15.796457	0.000000
2.320000	16.099839	0.000000
2.330000	16.403517	0.000000
2.340000	16.707241	0.000000
2.350000	17.010800	0.501891
2.360000	17.314163	2.509454
2.370000	17.617609	6.524580
2.380000	17.921061	10.539707
2.390000	18.224601	14.052942
2.400000	18.528146	17.566178
2.410000	18.831538	21.079414
2.420000	19.135058	24.592649
2.430000	19.438390	27.603994
2.440000	19.739674	30.615339
2.450000	20.035118	33.626684
2.460000	20.320015	36.136138
2.470000	20.589447	38.645592
2.480000	20.838774	40.653155
2.490000	21.063466	42.660718
2.500000	21.258987	44.166390
2.510000	21.421205	45.672063
2.520000	21.548137	46.675844
2.530000	21.642466	47.177735
2.540000	21.709238	47.679626
2.550000	21.753448	47.679626
2.560000	21.779732	47.679626
2.570000	21.792611	47.679626
2.580000	21.797033	47.679626
2.590000	21.797483	47.177735
2.600000	21.797007	47.177735
2.610000	21.796835	46.675844
2.620000	21.797126	46.675844
2.630000	21.797451	46.173953
2.640000	21.797567	46.173953
2.650000	21.797443	45.672063
2.660000	21.794556	45.170172
2.670000	21.781281	44.668281
2.680000	21.752016	44.166390
2.690000	21.703105	43.162609
2.700000	21.630944	41.656936
2.710000	21.531571	40.151264
2.720000	21.400209	38.143701
2.730000	21.233882	36.136138
2.740000	21.033714	34.128574
2.750000	20.804423	31.619120
2.760000	20.551272	28.607776
2.770000	20.279109	25.596431
2.780000	19.992246	22.585086
2.790000	19.695324	19.573741
2.800000	19.392851	16.562396
2.810000	19.088463	13.049161
2.820000	18.784366	10.037816
2.830000	18.481012	7.026471
2.840000	18.177783	3.513236
2.850000	17.874195	1.505672
2.860000	17.570764	0.000000
2.870000	17.267286	0.000000
2.880000	16.963498	0.000000
2.890000	16.659946	0.000000
2.900000	16.356638	0.000000
2.910000	16.053155	0.000000
2.920000	15.749608	0.000000
2.930000	15.446234	0.000000
2.940000	15.142652	0.000000
2.950000	14.839025	0.000000
2.960000	14.535552	0.501891
2.970000	14.232329	0.000000
2.980000	13.930191	0.000000
2.990000	13.632776	0.501891
3.000000	13.344796	0.501891
3.010000	13.070952	0.501891
3.020000	12.816227	1.003782
3.030000	12.585101	1.003782
3.040000	12.382006	1.003782
3.050000	12.211259	1.505672
3.060000	12.075306	1.505672
3.070000	11.973000	1.003782
3.080000	11.899805	1.003782
3.090000	11.850440	1.003782
3.100000	11.819918	0.501891
3.110000	11.803742	0.501891
3.120000	11.797282	0.501891
3.130000	11.795989	0.000000
3.140000	11.796355	0.000000
3.150000	11.796668	0.000000
3.160000	11.796694	0.000000
3.170000	11.798640	0.501891
3.180000	11.809929	0.501891
3.190000	11.836828	1.003782
3.200000	11.882956	1.003782
3.210000	11.951388	1.003782
3.220000	12.046186	1.505672
3.230000	12.172432	1.505672
3.240000	12.333588	1.505672
3.250000	12.528938	1.003782
3.260000	12.754276	1.003782
3.270000	13.004292	1.003782
3.280000	13.274031	0.501891
3.290000	13.558955	0.501891
3.300000	13.854652	0.501891
3.310000	14.156612	0.000000
3.320000	14.460874	0.000000
3.330000	14.765097	0.000000
3.340000	15.068733	0.000000
3.350000	15.372088	0.000000
3.360000	15.675414	0.000000
3.370000	15.978863	0.000000
3.380000	16.282491	0.000000
3.390000	16.586100	0.000000
3.400000	16.889679	0.000000
3.410000	17.193107	1.003782
3.420000	17.496517	4.015126
3.430000	17.799957	8.030253
3.440000	18.103452	12.045379
3.450000	18.406992	16.060506
3.460000	18.710528	19.573741
3.470000	19.014051	22.585086
3.480000	19.317434	25.596431
3.490000	19.619787	28.607776
3.500000	19.918122	31.619120
3.510000	20.207784	34.630465
3.520000	20.484002	37.139919
3.530000	20.741931	39.147482
3.540000	20.977005	41.155046
3.550000	21.184693	43.162609
3.560000	21.360634	44.668281
3.570000	21.501597	45.672063
3.580000	21.608388	46.675844
3.590000	21.685579	47.177735
3.600000	21.738184	47.177735
3.610000	21.771102	47.177735
3.620000	21.788954	47.177735
3.630000	21.796222	47.177735
3.640000	21.797658	46.675844
3.650000	21.797192	46.675844
3.660000	21.796865	46.675844
3.670000	21.797110	46.173953
3.680000	21.797441	46.173953
3.690000	21.797393	45.672063
3.700000	21.793802	45.170172
3.710000	21.779123	44.668281
3.720000	21.748013	43.664499
3.730000	21.696887	42.660718
3.740000	21.622172	41.656936
3.750000	21.519799	39.649373
3.760000	21.385006	37.641810
3.770000	21.215158	35.634247
3.780000	21.011859	33.626684
3.790000	20.779972	31.117230
3.800000	20.524677	28.105885
3.810000	20.250809	25.094540
3.820000	19.962695	22.083195
3.830000	19.664992	19.071850
3.840000	19.362191	15.558615
3.850000	19.057807	12.547270
3.860000	18.753802	9.535925
3.870000	18.450530	6.524580
3.880000	18.147292	3.011345
3.890000	17.843795	1.003782
3.900000	17.540308	0.000000
3.910000	17.236708	0.000000
3.920000	16.932908	0.000000
3.930000	16.629452	0.000000
3.940000	16.326239	0.000000
3.950000	16.022676	0.000000
3.960000	15.719125	0.000000
3.970000	15.415714	0.000000
3.980000	15.112038	0.000000
3.990000	14.808413	0.000000
4.000000	14.505116	0.000000
4.010000	14.201935	0.000000
4.020000	13.900006	0.000000
4.030000	13.603276	0.501891
4.040000	13.316501	0.501891
4.050000	13.044349	1.003782
4.060000	12.791772	1.003782
4.070000	12.563252	1.003782
4.080000	12.363279	1.003782
4.090000	12.195976	1.505672
4.100000	12.063564	1.505672
4.110000	11.964389	1.003782
4.120000	11.893863	1.003782
4.130000	11.846590	1.003782
4.140000	11.817709	0.501891
4.150000	11.802623	0.501891
4.160000	11.796890	0.000000
4.170000	11.795960	0.000000
4.180000	11.796409	0.000000
4.190000	11.796692	0.000000
4.200000	11.797304	0.000000
4.210000	11.803887	0.501891
4.220000	11.823971	0.501891
4.230000	11.861992	1.003782
4.240000	11.921088	1.003782
4.250000	12.004785	1.505672
4.260000	12.117972	1.505672
4.270000	12.264991	1.505672
4.280000	12.447082	1.505672
4.290000	12.661056	1.003782
4.300000	12.901839	1.003782
4.310000	13.164247	0.501891
4.320000	13.443614	0.501891
4.330000	13.735488	0.501891
4.340000	14.035506	0.000000
4.350000	14.339279	0.000000
4.360000	14.643606	0.000000
4.370000	14.947282	0.000000
4.380000	15.250581	0.000000
4.390000	15.554060	0.000000
4.400000	15.857584	0.000000
4.410000	16.161188	0.000000
4.420000	16.464869	0.000000
4.430000	16.768435	0.000000
4.440000	17.071897	0.501891
4.450000	17.375255	2.509454
4.460000	17.678658	6.022690
4.470000	17.982093	10.037816
4.480000	18.285734	14.052942
4.490000	18.589299	17.566178
4.500000	18.892796	21.079414
4.510000	19.196204	24.090758
4.520000	19.499203	27.102103
4.530000	19.799679	30.113448
4.540000	20.093501	33.124793
4.550000	20.375728	35.634247
4.560000	20.641448	38.143701
4.570000	20.886148	40.151264
4.580000	21.105346	42.158827
4.590000	21.294508	43.664499
4.600000	21.449611	44.668281
4.610000	21.569585	45.672063
4.620000	21.657933	46.675844
4.630000	21.719797	46.675844
4.640000	21.760011	47.177735
4.650000	21.783240	46.675844
4.660000	21.794100	46.675844
4.670000	21.797417	46.675844
4.680000	21.797442	46.675844
4.690000	21.796995	46.173953
4.700000	21.797087	46.173953
4.710000	21.797388	45.672063
4.720000	21.797481	45.672063
4.730000	21.795105	45.170172
4.740000	21.783042	44.668281
4.750000	21.755354	43.664499
4.760000	21.708299	42.660718
4.770000	21.638305	41.656936
4.780000	21.541497	39.649373
4.790000	21.413123	38.143701
4.800000	21.249964	36.136138
4.810000	21.052708	33.626684
4.820000	20.825808	31.117230
4.830000	20.574537	28.607776
4.840000	20.303869	25.596431
4.850000	20.018123	22.585086
4.860000	19.721905	19.573741
4.870000	19.419720	16.060506
4.880000	19.115420	13.049161
4.890000	18.811239	10.037816
4.900000	18.507832	6.524580
4.910000	18.204633	3.513236
4.920000	17.901112	1.003782
4.930000	17.597679	0.000000
4.940000	17.294207	0.000000
4.950000	16.990386	0.000000
4.960000	16.686803	0.000000
4.970000	16.383438	0.000000
4.980000	16.080031	0.000000
4.990000	15.776513	0.000000
5.000000	15.473145	0.000000
5.010000	15.169616	0.000000
5.020000	14.865948	0.000000
5.030000	14.562449	0.000000
5.040000	14.259180	0.000000
5.050000	13.956818	0.000000
5.060000	13.658835	0.501891
5.070000	13.369848	0.501891
5.080000	13.094562	1.003782
5.090000	12.837937	1.003782
5.100000	12.604508	1.003782
5.110000	12.398727	1.003782
5.120000	12.224980	1.003782
5.130000	12.085934	1.505672
5.140000	11.980791	1.003782
5.150000	11.905187	1.003782
5.160000	11.853936	0.501891
5.170000	11.821951	0.501891
5.180000	11.804684	0.501891
5.190000	11.797551	0.000000
5.200000	11.795981	0.000000
5.210000	11.796311	0.000000
5.220000	11.796659	0.000000
5.230000	11.796694	0.000000
5.240000	11.798353	0.501891
5.250000	11.808740	0.501891
5.260000	11.834270	1.003782
5.270000	11.878644	1.003782
5.280000	11.945145	1.003782
5.290000	12.037727	1.505672
5.300000	12.161416	1.505672
5.310000	12.319765	1.505672
5.320000	12.512496	1.505672
5.330000	12.735625	1.003782
5.340000	12.983837	1.003782
5.350000	13.252192	1.003782
5.360000	13.536063	0.501891
5.370000	13.831070	0.501891
5.380000	14.132760	0.000000
5.390000	14.436927	0.000000
5.400000	14.741003	0.000000
5.410000	15.044458	0.000000
5.420000	15.347817	0.000000
5.430000	15.651409	0.000000
5.440000	15.954988	0.000000
5.450000	16.258655	0.000000
5.460000	16.562243	0.000000
5.470000	16.865781	0.000000
5.480000	17.169116	1.003782
5.490000	17.472369	3.513236
5.500000	17.775840	7.026471
5.510000	18.079562	11.041598
5.520000	18.383226	15.056724
5.530000	18.686743	18.068069
5.540000	18.990165	21.581304
5.550000	19.293356	25.094540
5.560000	19.595875	28.105885
5.570000	19.894843	30.615339
5.580000	20.185526	33.626684
5.590000	20.462975	36.136138
5.600000	20.722421	38.645592
5.610000	20.959404	40.653155
5.620000	21.169409	42.660718
5.630000	21.348015	43.664499
5.640000	21.491787	45.170172
5.650000	21.601123	46.173953
5.660000	21.680455	46.675844
5.670000	21.734829	46.675844
5.680000	21.769138	46.675844
5.690000	21.787904	46.675844
5.700000	21.795789	46.675844
5.710000	21.797596	46.675844
5.720000	21.797243	46.173953
5.730000	21.796853	46.173953
5.740000	21.796997	45.672063
5.750000	21.796584	45.170172
5.760000	21.790001	44.668281
5.770000	21.769888	44.166390
5.780000	21.731997	43.162609
5.790000	21.672674	42.158827
5.800000	21.588456	40.653155
5.810000	21.474897	38.645592
5.820000	21.327603	36.638028
5.830000	21.145302	34.630465
5.840000	20.931097	32.121011
5.850000	20.690110	29.611557
5.860000	20.427546	26.600212
5.870000	20.147998	24.090758
5.880000	19.855936	20.577523
5.890000	19.555936	17.566178
5.900000	19.252314	14.554833
5.910000	18.948086	11.041598
5.920000	18.644368	8.030253
5.930000	18.341053	5.018908
5.940000	18.037450	2.007563
5.950000	17.733909	0.501891
5.960000	17.430505	0.000000
5.970000	17.126935	0.000000
5.980000	16.823272	0.000000
5.990000	16.519815	0.000000
6.000000	16.216454	0.000000
6.010000	15.912837	0.000000
6.020000	15.609415	0.000000
6.030000	15.306071	0.000000
6.040000	15.002392	0.000000
6.050000	14.698936	0.000000
6.060000	14.395765	0.000000
6.070000	14.092712	0.000000
6.080000	13.792094	0.501891
6.090000	13.498284	0.501891
6.100000	13.216236	0.501891
6.110000	12.950720	1.003782
6.120000	12.706345	1.003782
6.130000	12.487517	1.003782
6.140000	12.298865	1.003782
6.150000	12.144022	1.505672
6.160000	12.024097	1.003782
6.170000	11.935907	1.003782
6.180000	11.874397	1.003782
6.190000	11.834276	0.501891
6.200000	11.810834	0.501891
6.210000	11.799660	0.501891
6.220000	11.796168	0.000000
6.230000	11.796007	0.000000
6.240000	11.796270	0.000000
6.250000	11.796229	0.000000
6.260000	11.796314	0.000000
6.270000	11.799239	0.501891
6.280000	11.812223	0.501891
6.290000	11.840945	1.003782
6.300000	11.889049	1.003782
6.310000	11.959874	1.003782
6.320000	12.057710	1.505672
6.330000	12.187461	1.505672
6.340000	12.352288	1.505672
6.350000	12.550943	1.003782
6.360000	12.779090	1.003782
6.370000	13.031408	1.003782
6.380000	13.302933	0.501891
6.390000	13.589186	0.501891
6.400000	13.885903	0.501891
6.410000	14.188432	0.000000
6.420000	14.492544	0.000000
6.430000	14.793773	0.000000
6.440000	15.087725	-0.501891
6.450000	15.369993	-0.501891
6.460000	15.636052	-1.003782
6.470000	15.881394	-1.003782
6.480000	16.101308	-1.003782
6.490000	16.291243	-1.003782
6.500000	16.447051	-1.003782
6.510000	16.567672	-1.003782
6.520000	16.656687	-1.003782
6.530000	16.718946	-0.501891
6.540000	16.759495	-0.501891
6.550000	16.782998	-0.501891
6.560000	16.794104	0.000000
6.570000	16.797796	0.000000
6.580000	16.798259	0.000000
6.590000	16.797973	0.000000
6.600000	16.797852	0.000000
6.610000	16.797917	0.000000
6.620000	16.797996	0.000000
6.630000	16.798020	0.000000
6.640000	16.798011	0.000000
6.650000	16.797999	0.000000
6.660000	16.797997	0.000000
6.670000	16.797998	0.000000
6.680000	16.798000	0.000000
6.690000	16.798001	0.000000
6.700000	16.798000	0.000000
6.710000	16.798000	0.000000
6.720000	16.798000	0.000000
6.730000	16.798000	0.000000
6.740000	16.798000	0.000000
6.750000	16.798000	0.000000
6.760000	16.798000	0.000000
6.770000	16.798000	0.000000
6.780000	16.798000	0.000000
6.790000	16.798000	0.000000
6.800000	16.798000	0.000000
6.810000	16.798000	0.000000
6.820000	16.798000	0.000000
6.830000	16.798000	0.000000
6.840000	16.798000	0.000000
6.850000	16.798000	0.000000
6.860000	16.798000	0.000000
6.870000	16.798000	0.000000
6.880000	16.798000	0.000000
6.890000	16.798000	0.000000
6.900000	16.798000	0.000000
6.910000	16.798000	0.000000
6.920000	16.798000	0.000000
6.930000	16.798000	0.000000
6.940000	16.798000	0.000000
6.950000	16.798000	0.000000
6.960000	16.798000	0.000000
6.970000	16.798000	0.000000
6.980000	16.797970	0.000000
6.990000	16.797761	0.000000
7.000000	16.797545	0.000000
7.010000	16.797462	0.000000
7.020000	16.797472	0.000000
7.030000	16.797498	0.000000
7.040000	16.797507	0.000000
7.050000	16.797504	0.000000
7.060000	16.797500	0.000000
7.070000	16.797499	0.000000
7.080000	16.797499	0.000000
7.090000	16.797500	0.000000
<END DATA>
<INFO>
Date:	Tue, Apr 07, 2026
Time:	10:50:09.961
Mach-1 Motion Software Version:	4.5.0.1
Mach-1 System S/N:	MA0561195
Mach-1 System Model:	V500c
Load Cell Name:	100N-SN195168
Load Cell Type:	Single-axis
Load Cell Calibration Factor:	1.003782
Load Cell Offset:	31.000000
Load Cell Calibration Date:	2025-08-20
Load Cell Low-pass filter:	Yes
Load Cell Low-pass filter Order:	3
Load Cell Low-pass filter Cutoff frequency (Hz):	20.00
<END INFO>
<Sinusoid>
Stage Axis:	Position (z)
Amplitude, mm:	5.0000
Frequency, Hz:	1.00000
Number of Cycles:	5
<DATA>
Time, s	Position (z), mm	Fz, gf
0.000000	17.258500	1.003782
0.010000	17.258500	1.003782
0.020000	17.258500	1.003782
0.030000	17.258500	1.003782
0.040000	17.258500	1.003782
0.050000	17.258500	1.003782
0.060000	17.258500	1.003782
0.070000	17.258500	0.501891
0.080000	17.258500	1.003782
0.090000	17.258500	1.003782
0.100000	17.258500	1.003782
0.110000	17.258500	1.003782
0.120000	17.258500	1.003782
0.130000	17.258500	1.003782
0.140000	17.258500	1.003782
0.150000	17.258500	1.003782
0.160000	17.258500	1.003782
0.170000	17.258500	1.003782
0.180000	17.258500	1.003782
0.190000	17.258500	1.003782
0.200000	17.259000	1.003782
0.210000	17.259000	1.003782
0.220000	17.259000	1.003782
0.230000	17.259000	1.003782
0.240000	17.259000	1.003782
0.250000	17.259000	1.003782
0.260000	17.259000	1.003782
0.270000	17.259000	1.003782
0.280000	17.259000	1.003782
0.290000	17.259000	1.003782
0.300000	17.259000	1.003782
0.310000	17.259000	1.003782
0.320000	17.259000	1.003782
0.330000	17.259000	1.003782
0.340000	17.259000	0.501891
0.350000	17.259000	0.501891
0.360000	17.259000	1.003782
0.370000	17.259000	1.003782
0.380000	17.259000	1.003782
0.390000	17.259000	1.003782
0.400000	17.259000	0.501891
0.410000	17.259000	0.501891
0.420000	17.259000	1.003782
0.430000	17.259000	1.003782
0.440000	17.259000	1.003782
0.450000	17.259000	1.003782
0.460000	17.259000	1.003782
0.470000	17.259000	1.003782
0.480000	17.259000	1.003782
0.490000	17.259000	1.003782
0.500000	17.259000	1.003782
0.510000	17.259000	1.003782
0.520000	17.259000	0.501891
0.530000	17.259000	0.501891
0.540000	17.259000	1.003782
0.550000	17.259000	1.003782
0.560000	17.259000	1.003782
0.570000	17.259000	1.003782
0.580000	17.259000	1.003782
0.590000	17.259000	1.003782
0.600000	17.259000	1.003782
0.610000	17.259000	1.003782
0.620000	17.259000	1.003782
0.630000	17.259000	1.003782
0.640000	17.259000	1.003782
0.650000	17.259000	1.003782
0.660000	17.259000	1.003782
0.670000	17.259000	1.003782
0.680000	17.259000	1.003782
0.690000	17.259000	1.003782
0.700000	17.259000	0.501891
0.710000	17.259000	0.501891
0.720000	17.259000	1.003782
0.730000	17.259000	1.003782
0.740000	17.259000	1.003782
0.750000	17.259000	1.003782
0.760000	17.259000	0.501891
0.770000	17.259000	0.501891
0.780000	17.259000	0.501891
0.790000	17.259000	0.501891
0.800000	17.259000	1.003782
0.810000	17.259000	1.003782
0.820000	17.259000	1.003782
0.830000	17.259000	1.003782
0.840000	17.259000	1.003782
0.850000	17.259000	0.501891
0.860000	17.259000	1.003782
0.870000	17.259000	1.003782
0.880000	17.259000	1.003782
0.890000	17.259000	1.003782
0.900000	17.259000	1.003782
0.910000	17.259000	1.003782
0.920000	17.259000	1.003782
0.930000	17.259000	1.003782
0.940000	17.259000	1.003782
0.950000	17.259000	0.501891
0.960000	17.259000	0.501891
0.970000	17.259000	0.501891
0.980000	17.259000	1.003782
0.990000	17.259000	1.003782
1.000000	17.259000	1.003782
1.010000	17.259000	1.003782
1.020000	17.259000	1.003782
1.030000	17.259000	1.003782
1.040000	17.259000	1.003782
1.050000	17.259000	1.003782
1.060000	17.259000	1.003782
1.070000	17.259000	1.003782
1.080000	17.259000	1.003782
1.090000	17.259000	1.003782
1.100000	17.259000	1.003782
1.110000	17.259000	1.003782
1.120000	17.259000	1.003782
1.130000	17.259000	1.003782
1.140000	17.259000	1.003782
1.150000	17.259000	1.003782
1.160000	17.259000	1.003782
1.170000	17.259018	0.501891
1.180000	17.259934	1.003782
1.190000	17.267620	1.505672
1.200000	17.288954	2.007563
1.210000	17.328135	2.509454
1.220000	17.388460	3.513236
1.230000	17.473737	5.018908
1.240000	17.588792	6.524580
1.250000	17.738060	8.532144
1.260000	17.922428	10.539707
1.270000	18.138385	13.049161
1.280000	18.380841	15.558615
1.290000	18.644562	18.569960
1.300000	18.924958	21.079414
1.310000	19.217618	24.090758
1.320000	19.518030	27.102103
1.330000	19.821869	30.113448
1.340000	20.124928	32.622902
1.350000	20.422745	35.132356
1.360000	20.710749	38.143701
1.370000	20.984477	40.151264
1.380000	21.239318	42.158827
1.390000	21.470780	44.166390
1.400000	21.674157	45.672063
1.410000	21.845131	46.675844
1.420000	21.980986	47.679626
1.430000	22.082994	48.181517
1.440000	22.156175	48.683407
1.450000	22.205704	48.683407
1.460000	22.235971	48.683407
1.470000	22.251655	48.683407
1.480000	22.257894	48.181517
1.490000	22.259250	48.181517
1.500000	22.259188	48.181517
1.510000	22.259221	47.679626
1.520000	22.259395	47.679626
1.530000	22.259512	47.177735
1.540000	22.259531	47.177735
1.550000	22.259289	46.675844
1.560000	22.255855	46.173953
1.570000	22.242258	45.672063
1.580000	22.212704	44.668281
1.590000	22.163409	43.664499
1.600000	22.091049	42.158827
1.610000	21.991531	40.653155
1.620000	21.859999	38.645592
1.630000	21.693474	36.638028
1.640000	21.493253	34.630465
1.650000	21.263737	32.622902
1.660000	21.010193	30.113448
1.670000	20.737748	27.102103
1.680000	20.450893	24.090758
1.690000	20.153917	21.581304
1.700000	19.851357	18.569960
1.710000	19.547179	15.558615
1.720000	19.243204	12.547270
1.730000	18.939448	9.535925
1.740000	18.636075	6.524580
1.750000	18.332858	3.513236
1.760000	18.029200	1.505672
1.770000	17.725635	0.000000
1.780000	17.422184	0.000000
1.790000	17.118522	0.000000
1.800000	16.814898	0.000000
1.810000	16.511629	0.000000
1.820000	16.208303	0.000000
1.830000	15.904650	0.000000
1.840000	15.601212	0.000000
1.850000	15.297753	0.000000
1.860000	14.994030	0.000000
1.870000	14.690663	0.000000
1.880000	14.388772	0.501891
1.890000	14.091453	0.501891
1.900000	13.803520	0.501891
1.910000	13.529950	1.003782
1.920000	13.275396	1.003782
1.930000	13.044244	1.003782
1.940000	12.841246	1.505672
1.950000	12.670854	1.505672
1.960000	12.535505	1.505672
1.970000	12.433680	1.003782
1.980000	12.360674	1.003782
1.990000	12.311546	0.501891
2.000000	12.281240	0.501891
2.010000	12.265127	0.501891
2.020000	12.258632	0.501891
2.030000	12.257372	0.000000
2.040000	12.257811	0.000000
2.050000	12.258010	0.000000
2.060000	12.257932	0.000000
2.070000	12.259629	0.501891
2.080000	12.270182	0.501891
2.090000	12.296212	1.003782
2.100000	12.341236	1.003782
2.110000	12.408460	1.003782
2.120000	12.501861	1.003782
2.130000	12.626397	1.505672
2.140000	12.785729	1.505672
2.150000	12.979428	1.003782
2.160000	13.203357	1.003782
2.170000	13.452249	1.003782
2.180000	13.721030	0.501891
2.190000	14.005299	0.501891
2.200000	14.300569	0.501891
2.210000	14.602306	0.000000
2.220000	14.906530	0.000000
2.230000	15.210792	0.000000
2.240000	15.514425	0.000000
2.250000	15.817637	0.501891
2.260000	16.121102	0.000000
2.270000	16.424729	0.000000
2.280000	16.728362	0.000000
2.290000	17.031917	0.501891
2.300000	17.335414	1.505672
2.310000	17.638638	4.015126
2.320000	17.942068	8.030253
2.330000	18.245746	11.543488
2.340000	18.549376	15.056724
2.350000	18.852879	18.569960
2.360000	19.156286	21.581304
2.370000	19.459674	24.592649
2.380000	19.762905	27.603994
2.390000	20.065483	30.113448
2.400000	20.364322	33.124793
2.410000	20.654678	35.634247
2.420000	20.931678	37.641810
2.430000	21.190597	40.151264
2.440000	21.426912	42.158827
2.450000	21.636080	43.664499
2.460000	21.813754	45.170172
2.470000	21.956606	45.672063
2.480000	22.065038	46.675844
2.490000	22.143552	47.177735
2.500000	22.197423	47.679626
2.510000	22.231214	47.679626
2.520000	22.249545	47.679626
2.530000	22.257200	47.177735
2.540000	22.259040	47.177735
2.550000	22.258964	46.675844
2.560000	22.258845	46.675844
2.570000	22.259121	46.173953
2.580000	22.259425	46.173953
2.590000	22.258921	46.173953
2.600000	22.253253	45.672063
2.610000	22.235486	44.668281
2.620000	22.200605	44.166390
2.630000	22.144982	42.660718
2.640000	22.065232	41.155046
2.650000	21.956804	39.147482
2.660000	21.815203	37.139919
2.670000	21.638465	35.634247
2.680000	21.429125	33.124793
2.690000	21.192070	31.117230
2.700000	20.932582	28.105885
2.710000	20.655576	25.596431
2.720000	20.365444	22.585086
2.730000	20.066376	20.075632
2.740000	19.763004	17.064287
2.750000	19.458745	14.052942
2.760000	19.154783	10.539707
2.770000	18.851226	7.528362
2.780000	18.547934	5.018908
2.790000	18.244621	2.007563
2.800000	17.941019	0.501891
2.810000	17.637534	-0.501891
2.820000	17.334074	-0.501891
2.830000	17.030302	0.000000
2.840000	16.726793	0.501891
2.850000	16.423518	0.000000
2.860000	16.120047	0.000000
2.870000	15.816455	0.000000
2.880000	15.513013	0.000000
2.890000	15.209507	0.000000
2.900000	14.905832	0.501891
2.910000	14.602668	0.501891
2.920000	14.301694	0.501891
2.930000	14.006578	0.501891
2.940000	13.722362	0.501891
2.950000	13.453880	1.003782
2.960000	13.205606	1.003782
2.970000	12.982104	1.505672
2.980000	12.788156	1.505672
2.990000	12.627828	1.505672
3.000000	12.502621	1.505672
3.010000	12.409679	1.003782
3.020000	12.344153	1.003782
3.030000	12.301015	1.003782
3.040000	12.275308	0.501891
3.050000	12.262410	0.501891
3.060000	12.257835	0.000000
3.070000	12.257401	0.000000
3.080000	12.257955	0.000000
3.090000	12.258121	0.000000
3.100000	12.258404	0.000000
3.110000	12.263511	0.501891
3.120000	12.281354	1.003782
3.130000	12.316677	1.003782
3.140000	12.372639	1.003782
3.150000	12.452685	1.003782
3.160000	12.561290	1.505672
3.170000	12.703295	1.505672
3.180000	12.880535	1.505672
3.190000	13.090307	1.003782
3.200000	13.327687	1.003782
3.210000	13.587295	1.003782
3.220000	13.864533	0.501891
3.230000	14.154983	0.501891
3.240000	14.454164	0.000000
3.250000	14.757619	0.000000
3.260000	15.061924	0.000000
3.270000	15.365726	0.000000
3.280000	15.669102	0.000000
3.290000	15.972501	0.000000
3.300000	16.276188	0.000000
3.310000	16.579846	0.000000
3.320000	16.883375	0.000000
3.330000	17.186890	0.501891
3.340000	17.490306	2.007563
3.350000	17.793528	5.018908
3.360000	18.097088	9.034034
3.370000	18.400793	13.049161
3.380000	18.704388	16.060506
3.390000	19.007856	19.573741
3.400000	19.311146	22.585086
3.410000	19.614457	25.596431
3.420000	19.917639	28.105885
3.430000	20.218878	31.117230
3.440000	20.514031	33.626684
3.450000	20.798138	36.136138
3.460000	21.066398	38.645592
3.470000	21.314371	40.653155
3.480000	21.537387	42.158827
3.490000	21.731023	43.664499
3.500000	21.891149	44.668281
3.510000	22.016104	45.672063
3.520000	22.108549	46.675844
3.530000	22.173829	46.675844
3.540000	22.216869	47.177735
3.550000	22.242308	47.177735
3.560000	22.254736	47.177735
3.570000	22.258721	46.675844
3.580000	22.258963	46.675844
3.590000	22.258665	46.173953
3.600000	22.258732	46.173953
3.610000	22.259047	46.173953
3.620000	22.259179	45.672063
3.630000	22.256601	45.170172
3.640000	22.244627	44.668281
3.650000	22.217266	43.664499
3.660000	22.170512	42.660718
3.670000	22.101070	41.155046
3.680000	22.004960	39.649373
3.690000	21.877374	37.641810
3.700000	21.714977	35.634247
3.710000	21.518490	33.626684
3.720000	21.292159	31.619120
3.730000	21.041163	29.109666
3.740000	20.770749	26.600212
3.750000	20.485478	23.588868
3.760000	20.189640	20.577523
3.770000	19.887542	17.566178
3.780000	19.583336	14.554833
3.790000	19.279243	11.543488
3.800000	18.975507	8.532144
3.810000	18.672170	5.520799
3.820000	18.368939	3.011345
3.830000	18.065411	1.003782
3.840000	17.761860	0.000000
3.850000	17.458378	0.000000
3.860000	17.154765	0.000000
3.870000	16.851060	0.501891
3.880000	16.547678	0.501891
3.890000	16.244341	0.501891
3.900000	15.940676	0.000000
3.910000	15.637171	0.000000
3.920000	15.333728	0.000000
3.930000	15.030093	0.000000
3.940000	14.726662	0.000000
3.950000	14.424419	0.501891
3.960000	14.126277	0.501891
3.970000	13.837005	0.501891
3.980000	13.561471	0.501891
3.990000	13.304414	1.003782
4.000000	13.070283	1.003782
4.010000	12.863733	1.505672
4.020000	12.689269	1.505672
4.030000	12.549725	1.505672
4.040000	12.444080	1.003782
4.050000	12.367920	1.003782
4.060000	12.316272	1.003782
4.070000	12.283991	0.501891
4.080000	12.266364	0.501891
4.090000	12.258896	0.000000
4.100000	12.257255	0.000000
4.110000	12.257514	0.000000
4.120000	12.257729	0.000000
4.130000	12.257665	0.000000
4.140000	12.257790	0.000000
4.150000	12.260595	0.501891
4.160000	12.273227	0.501891
4.170000	12.301600	1.003782
4.180000	12.349416	1.003782
4.190000	12.420042	1.003782
4.200000	12.517563	1.505672
4.210000	12.646868	1.505672
4.220000	12.811156	1.003782
4.230000	13.009405	1.003782
4.240000	13.237218	1.003782
4.250000	13.489185	1.003782
4.260000	13.760391	0.501891
4.270000	14.046476	0.501891
4.280000	14.343008	0.501891
4.290000	14.645380	0.000000
4.300000	14.949719	0.000000
4.310000	15.253804	0.000000
4.320000	15.557265	0.000000
4.330000	15.860462	0.000000
4.340000	16.164041	0.501891
4.350000	16.467812	0.501891
4.360000	16.771464	0.000000
4.370000	17.074948	0.000000
4.380000	17.378338	1.003782
4.390000	17.681473	3.513236
4.400000	17.984951	7.528362
4.410000	18.288621	11.041598
4.420000	18.592273	14.554833
4.430000	18.895785	17.566178
4.440000	19.199181	20.577523
4.450000	19.502579	23.588868
4.460000	19.805787	26.600212
4.470000	20.108067	29.611557
4.480000	20.405991	32.622902
4.490000	20.694744	35.132356
4.500000	20.969457	37.139919
4.510000	21.225481	39.649373
4.520000	21.458264	41.656936
4.530000	21.663248	43.162609
4.540000	21.836098	44.166390
4.550000	21.973965	45.170172
4.560000	22.077869	46.173953
4.570000	22.152571	46.675844
4.580000	22.203234	46.675844
4.590000	22.234568	46.675844
4.600000	22.251371	46.675844
4.610000	22.258117	46.675844
4.620000	22.259297	46.173953
4.630000	22.258911	46.173953
4.640000	22.258744	45.672063
4.650000	22.259044	45.672063
4.660000	22.259415	45.170172
4.670000	22.259432	45.170172
4.680000	22.257184	44.668281
4.690000	22.246389	44.166390
4.700000	22.220900	43.664499
4.710000	22.176528	42.660718
4.720000	22.109812	41.155046
4.730000	22.016907	39.147482
4.740000	21.892976	37.641810
4.750000	21.734440	35.634247
4.760000	21.541498	33.626684
4.770000	21.318163	31.619120
4.780000	21.069654	29.109666
4.790000	20.801187	26.098322
4.800000	20.517246	23.588868
4.810000	20.222244	20.577523
4.820000	19.920585	17.566178
4.830000	19.616510	14.554833
4.840000	19.312407	11.543488
4.850000	19.008617	8.532144
4.860000	18.705214	5.520799
4.870000	18.401886	3.011345
4.880000	18.098459	1.003782
4.890000	17.794918	0.000000
4.900000	17.491427	0.000000
4.910000	17.187916	0.000000
4.920000	16.884265	0.000000
4.930000	16.580818	0.000000
4.940000	16.277523	0.000000
4.950000	15.973932	0.000000
4.960000	15.670452	0.000000
4.970000	15.367011	0.000000
4.980000	15.063296	0.000000
4.990000	14.759784	0.000000
5.000000	14.457300	0.000000
5.010000	14.158572	0.501891
5.020000	13.868086	0.501891
5.030000	13.590801	0.501891
5.040000	13.331497	1.003782
5.050000	13.094624	1.505672
5.060000	12.884864	1.505672
5.070000	12.706745	1.505672
5.080000	12.563324	1.505672
5.090000	12.454128	1.003782
5.100000	12.374966	1.003782
5.110000	12.320874	1.003782
5.120000	12.286685	0.501891
5.130000	12.267693	0.501891
5.140000	12.259369	0.501891
5.150000	12.257324	0.000000
5.160000	12.257573	0.000000
5.170000	12.257850	0.000000
5.180000	12.258316	0.000000
5.190000	12.263341	0.501891
5.200000	12.280688	1.003782
5.210000	12.315414	1.003782
5.220000	12.370721	1.003782
5.230000	12.450039	1.003782
5.240000	12.557813	1.505672
5.250000	12.698845	1.505672
5.260000	12.875090	1.505672
5.270000	13.083960	1.003782
5.280000	13.320600	1.003782
5.290000	13.579616	1.003782
5.300000	13.856416	0.501891
5.310000	14.146544	0.501891
5.320000	14.445560	0.000000
5.330000	14.748974	0.000000
5.340000	15.053376	0.000000
5.350000	15.357253	0.000000
5.360000	15.660492	0.000000
5.370000	15.963821	0.000000
5.380000	16.267481	0.000000
5.390000	16.571174	0.501891
5.400000	16.874773	0.000000
5.410000	17.178293	0.000000
5.420000	17.481691	1.505672
5.430000	17.784869	4.015126
5.440000	18.088367	8.030253
5.450000	18.392041	12.045379
5.460000	18.695698	15.056724
5.470000	18.999199	18.569960
5.480000	19.302518	21.581304
5.490000	19.605810	24.592649
5.500000	19.908968	27.603994
5.510000	20.210297	30.113448
5.520000	20.505665	33.124793
5.530000	20.790156	35.634247
5.540000	21.059010	37.641810
5.550000	21.307634	39.649373
5.560000	21.531408	41.656936
5.570000	21.725944	43.162609
5.580000	21.887041	44.166390
5.590000	22.012963	45.170172
5.600000	22.106206	46.173953
5.610000	22.172187	46.173953
5.620000	22.215803	46.173953
5.630000	22.241720	46.173953
5.640000	22.254629	46.173953
5.650000	22.258966	46.173953
5.660000	22.259298	46.173953
5.670000	22.258895	45.672063
5.680000	22.258962	45.672063
5.690000	22.259135	45.170172
5.700000	22.256677	44.668281
5.710000	22.244910	44.166390
5.720000	22.217818	43.664499
5.730000	22.171453	42.158827
5.740000	22.102463	40.653155
5.750000	22.006922	39.147482
5.760000	21.880006	37.139919
5.770000	21.718297	35.634247
5.780000	21.522382	33.626684
5.790000	21.296565	31.117230
5.800000	21.046054	28.607776
5.810000	20.775997	26.098322
5.820000	20.490910	23.086977
5.830000	20.195078	20.075632
5.840000	19.893032	17.566178
5.850000	19.588894	14.554833
5.860000	19.284870	11.543488
5.870000	18.981210	8.532144
5.880000	18.677859	5.520799
5.890000	18.374579	2.509454
5.900000	18.070970	0.501891
5.910000	17.767382	-0.501891
5.920000	17.463955	0.000000
5.930000	17.160392	0.000000
5.940000	16.856659	0.501891
5.950000	16.553284	0.000000
5.960000	16.249996	0.000000
5.970000	15.946375	0.000000
5.980000	15.642911	0.000000
5.990000	15.339373	0.000000
6.000000	15.035677	0.000000
6.010000	14.732264	0.000000
6.020000	14.429978	0.501891
6.030000	14.131772	0.501891
6.040000	13.842304	0.501891
6.050000	13.566472	0.501891
6.060000	13.309000	1.003782
6.070000	13.074377	1.003782
6.080000	12.867302	1.003782
6.090000	12.692224	1.505672
6.100000	12.552035	1.505672
6.110000	12.445779	1.505672
6.120000	12.369095	1.003782
6.130000	12.316990	0.501891
6.140000	12.284332	0.501891
6.150000	12.266485	0.501891
6.160000	12.258940	0.501891
6.170000	12.257293	0.000000
6.180000	12.257687	0.000000
6.190000	12.257897	0.000000
6.200000	12.257763	0.000000
6.210000	12.258203	0.501891
6.220000	12.263519	0.501891
6.230000	12.280976	1.003782
6.240000	12.315676	1.003782
6.250000	12.370931	1.003782
6.260000	12.450235	1.003782
6.270000	12.558064	1.505672
6.280000	12.699173	1.505672
6.290000	12.875470	1.505672
6.300000	13.084395	1.003782
6.310000	13.321121	1.003782
6.320000	13.580226	0.501891
6.330000	13.857156	0.501891
6.340000	14.147440	0.501891
6.350000	14.446535	0.501891
6.360000	14.749932	0.000000
6.370000	15.053559	0.000000
6.380000	15.352968	-0.501891
6.390000	15.643580	-0.501891
6.400000	15.921024	-0.501891
6.410000	16.180743	-0.501891
6.420000	16.418231	-0.501891
6.430000	16.628720	-1.003782
6.440000	16.807703	-1.003782
6.450000	16.951837	-1.003782
6.460000	17.061522	-1.003782
6.470000	17.141101	-1.003782
6.480000	17.195651	-0.501891
6.490000	17.230123	-0.501891
6.500000	17.249345	-0.501891
6.510000	17.257794	0.000000
6.520000	17.259980	0.000000
6.530000	17.259775	0.000000
6.540000	17.259372	0.501891
6.550000	17.259322	0.000000
6.560000	17.259438	0.000000
6.570000	17.259517	0.000000
6.580000	17.259525	0.000000
6.590000	17.259507	0.000000
6.600000	17.259496	0.501891
6.610000	17.259496	0.501891
6.620000	17.259499	0.000000
6.630000	17.259501	0.000000
6.640000	17.259501	0.000000
6.650000	17.259500	0.000000
6.660000	17.259500	0.000000
6.670000	17.259500	0.000000
6.680000	17.259500	0.000000
6.690000	17.259500	0.000000
6.700000	17.259500	0.000000
6.710000	17.259500	0.000000
6.720000	17.259500	0.000000
6.730000	17.259500	0.000000
6.740000	17.259500	0.000000
6.750000	17.259500	0.000000
6.760000	17.259500	0.501891
6.770000	17.259500	0.000000
6.780000	17.259500	0.000000
6.790000	17.259500	0.000000
6.800000	17.259500	0.000000
6.810000	17.259500	0.000000
6.820000	17.259500	0.000000
6.830000	17.259500	0.000000
6.840000	17.259500	0.000000
6.850000	17.259500	0.000000
6.860000	17.259500	0.000000
6.870000	17.259500	0.000000
6.880000	17.259500	0.000000
6.890000	17.259500	0.000000
6.900000	17.259500	0.000000
6.910000	17.259500	0.000000
6.920000	17.259500	0.000000
6.930000	17.259500	0.000000
6.940000	17.259418	0.000000
6.950000	17.259179	0.000000
6.960000	17.259002	0.000000
6.970000	17.258959	0.000000
6.980000	17.258982	0.000000
6.990000	17.259003	0.000000
7.000000	17.259007	0.000000
7.010000	17.259003	0.000000
7.020000	17.258999	0.000000
7.030000	17.258999	0.000000
7.040000	17.259000	0.000000
7.050000	17.259000	0.000000
7.060000	17.259000	0.000000
7.070000	17.259000	0.000000
7.080000	17.259000	0.000000
7.090000	17.259000	0.000000
7.100000	17.259000	0.000000
7.110000	17.259000	0.000000
7.120000	17.259000	0.501891
7.130000	17.259000	0.501891
7.140000	17.259000	0.501891
7.150000	17.259000	0.000000
7.160000	17.259000	0.000000
7.170000	17.259000	0.000000
7.180000	17.259000	0.501891
7.190000	17.259000	0.501891
7.200000	17.259000	0.501891
7.210000	17.259000	0.000000
7.220000	17.259000	0.000000
7.230000	17.259000	0.000000
7.240000	17.259000	0.000000
7.250000	17.259000	0.000000
7.260000	17.259000	0.000000
7.270000	17.259000	0.000000
7.280000	17.259000	0.000000
7.290000	17.259000	0.000000
<END DATA>
<INFO>
Date:	Tue, Apr 07, 2026
Time:	10:51:36.261
Mach-1 Motion Software Version:	4.5.0.1
Mach-1 System S/N:	MA0561195
Mach-1 System Model:	V500c
Load Cell Name:	100N-SN195168
Load Cell Type:	Single-axis
Load Cell Calibration Factor:	1.003782
Load Cell Offset:	31.000000
Load Cell Calibration Date:	2025-08-20
Load Cell Low-pass filter:	Yes
Load Cell Low-pass filter Order:	3
Load Cell Low-pass filter Cutoff frequency (Hz):	20.00
<END INFO>
<Find Contact>
Stage Axis:	Position (z)
Load Cell Axis:	Fz
Direction:	Positive
Contact Criteria, gf:	1.000000
Stage Velocity, mm/s:	0.2000
Stage Limit, mm:	10.0000
Stage Repositioning:	None
Offset, mm:	0.0000
<DATA>
Time, s	Position (z), mm	Fz, gf
0.000000	17.041000	0.501891
0.010000	17.041000	0.501891
0.020000	17.041000	0.501891
0.030000	17.041000	0.501891
0.040000	17.041000	0.501891
0.050000	17.041000	0.501891
0.060000	17.041000	0.501891
0.070000	17.041000	0.501891
0.080000	17.041000	0.501891
0.090000	17.041000	0.501891
0.100000	17.041000	0.501891
0.110000	17.041000	0.501891
0.120000	17.041000	0.501891
0.130000	17.041000	0.501891
0.140000	17.041000	0.501891
0.150000	17.041000	0.501891
0.160000	17.041000	0.501891
0.170000	17.041000	0.501891
0.180000	17.041000	0.501891
0.190000	17.041000	0.501891
0.200000	17.041000	0.501891
0.210000	17.041000	0.501891
0.220000	17.041048	0.501891
0.230000	17.041396	0.501891
0.240000	17.042384	0.501891
0.250000	17.044313	0.501891
0.260000	17.046819	0.501891
0.270000	17.049223	0.501891
0.280000	17.051392	0.501891
0.290000	17.053484	0.501891
0.300000	17.055586	0.501891
0.310000	17.057706	0.501891
0.320000	17.059795	0.501891
0.330000	17.061899	0.501891
0.340000	17.064000	0.501891
0.350000	17.066050	0.501891
0.360000	17.068066	1.003782
0.370000	17.070039	1.003782
0.380000	17.071988	1.003782
0.390000	17.073969	1.003782
0.400000	17.075958	1.003782
0.410000	17.077937	1.003782
0.420000	17.079997	1.003782
0.430000	17.082175	1.003782
0.440000	17.084329	1.003782
0.450000	17.086293	1.003782
0.460000	17.088230	1.003782
0.470000	17.090209	1.003782
0.480000	17.092183	1.003782
0.490000	17.094201	1.003782
0.500000	17.096252	1.003782
0.510000	17.098260	1.003782
0.520000	17.100239	1.003782
0.530000	17.102225	1.003782
0.540000	17.104218	1.505672
0.550000	17.106210	1.003782
0.560000	17.108201	1.003782
0.570000	17.110204	1.505672
0.580000	17.112204	1.505672
0.590000	17.114172	1.505672
0.600000	17.116163	1.505672
0.610000	17.118193	1.505672
0.620000	17.120253	1.505672
0.630000	17.122475	1.003782
0.640000	17.124788	1.505672
0.650000	17.126942	1.505672
0.660000	17.128881	1.505672
0.670000	17.130609	1.505672
0.680000	17.132312	1.505672
0.690000	17.134211	1.505672
0.700000	17.135661	1.505672
0.710000	17.136198	1.505672
0.720000	17.136154	1.505672
0.730000	17.136008	1.505672
0.740000	17.135957	1.505672
0.750000	17.135975	1.505672
0.760000	17.136000	1.505672
0.770000	17.136007	1.505672
0.780000	17.136003	1.505672
0.790000	17.136000	1.505672
0.800000	17.135999	1.505672
0.810000	17.136000	1.505672
0.820000	17.136000	1.505672
0.830000	17.136000	1.505672
0.840000	17.136000	1.505672
0.850000	17.136000	1.505672
0.860000	17.135965	1.505672
0.870000	17.135751	1.505672
0.880000	17.135539	1.505672
0.890000	17.135461	1.505672
0.900000	17.135474	1.505672
0.910000	17.135499	1.505672
0.920000	17.135507	1.505672
0.930000	17.135504	1.505672
0.940000	17.135500	1.505672
0.950000	17.135499	1.505672
0.960000	17.135499	1.505672
0.970000	17.135500	1.505672
0.980000	17.135500	1.505672
0.990000	17.135500	1.505672
1.000000	17.135500	1.505672
1.010000	17.135500	1.505672
1.020000	17.135500	1.505672
1.030000	17.135500	1.505672
1.040000	17.135490	1.505672
1.050000	17.135319	1.505672
1.060000	17.135084	1.505672
1.070000	17.134970	1.505672
1.080000	17.134966	1.505672
1.090000	17.134993	1.505672
1.100000	17.135007	1.505672
1.110000	17.135005	1.505672
1.120000	17.135001	1.505672
1.130000	17.134999	1.505672
1.140000	17.134999	1.505672
1.150000	17.135000	1.505672
1.160000	17.135000	1.003782
1.170000	17.135000	1.505672
1.180000	17.135000	1.505672
1.190000	17.135000	1.505672
1.200000	17.135000	1.505672
1.210000	17.135000	1.505672
1.220000	17.135000	1.003782
1.230000	17.135000	1.003782
1.240000	17.135000	1.505672
1.250000	17.135000	1.505672
1.260000	17.135000	1.505672
1.270000	17.135000	1.003782
1.280000	17.135000	1.003782
1.290000	17.135000	1.003782
<END DATA>
<INFO>
Date:	Tue, Apr 07, 2026
Time:	10:51:37.561
Mach-1 Motion Software Version:	4.5.0.1
Mach-1 System S/N:	MA0561195
Mach-1 System Model:	V500c
Load Cell Name:	100N-SN195168
Load Cell Type:	Single-axis
Load Cell Calibration Factor:	1.003782
Load Cell Offset:	31.000000
Load Cell Calibration Date:	2025-08-20
Load Cell Low-pass filter:	Yes
Load Cell Low-pass filter Order:	3
Load Cell Low-pass filter Cutoff frequency (Hz):	20.00
<END INFO>
<Sinusoid>
Stage Axis:	Position (z)
Amplitude, mm:	5.0000
Frequency, Hz:	1.00000
Number of Cycles:	5
<DATA>
Time, s	Position (z), mm	Fz, gf
0.000000	17.135000	1.003782
0.010000	17.135000	1.505672
0.020000	17.135000	1.505672
0.030000	17.135000	1.505672
0.040000	17.135000	1.505672
0.050000	17.135000	1.505672
0.060000	17.135000	1.505672
0.070000	17.135000	1.505672
0.080000	17.135000	1.505672
0.090000	17.135000	1.505672
0.100000	17.134000	1.505672
0.110000	17.134000	1.505672
0.120000	17.134000	1.505672
0.130000	17.134000	1.505672
0.140000	17.134000	1.003782
0.150000	17.134000	1.505672
0.160000	17.134000	1.505672
0.170000	17.134000	1.505672
0.180000	17.134000	1.505672
0.190000	17.134000	1.505672
0.200000	17.134000	1.505672
0.210000	17.134000	1.505672
0.220000	17.134000	1.505672
0.230000	17.134000	1.505672
0.240000	17.134000	1.505672
0.250000	17.134000	1.003782
0.260000	17.134000	1.003782
0.270000	17.134000	1.505672
0.280000	17.134000	1.505672
0.290000	17.134000	1.003782
0.300000	17.134000	1.003782
0.310000	17.134000	1.003782
0.320000	17.134000	1.003782
0.330000	17.134000	1.505672
0.340000	17.134000	1.505672
0.350000	17.134000	1.505672
0.360000	17.134000	1.505672
0.370000	17.134000	1.505672
0.380000	17.134000	1.505672
0.390000	17.134000	1.505672
0.400000	17.134000	1.505672
0.410000	17.134000	1.505672
0.420000	17.134000	1.505672
0.430000	17.134000	1.003782
0.440000	17.134000	1.003782
0.450000	17.134000	1.003782
0.460000	17.134000	1.003782
0.470000	17.134000	1.003782
0.480000	17.134000	1.505672
0.490000	17.134000	1.505672
0.500000	17.134000	1.505672
0.510000	17.134000	1.003782
0.520000	17.134000	1.003782
0.530000	17.134000	1.003782
0.540000	17.134000	1.505672
0.550000	17.134000	1.505672
0.560000	17.134000	1.505672
0.570000	17.134000	1.505672
0.580000	17.134000	1.505672
0.590000	17.134000	1.505672
0.600000	17.134000	1.003782
0.610000	17.134000	1.003782
0.620000	17.134000	1.505672
0.630000	17.134000	1.505672
0.640000	17.134000	1.505672
0.650000	17.134000	1.505672
0.660000	17.134000	1.505672
0.670000	17.134000	1.505672
0.680000	17.134000	1.505672
0.690000	17.134000	1.505672
0.700000	17.134000	1.505672
0.710000	17.134000	1.505672
0.720000	17.134000	1.505672
0.730000	17.134000	1.505672
0.740000	17.134000	1.505672
0.750000	17.134000	1.505672
0.760000	17.134000	1.505672
0.770000	17.134000	1.505672
0.780000	17.134000	1.003782
0.790000	17.134000	1.003782
0.800000	17.134000	1.003782
0.810000	17.134000	1.505672
0.820000	17.134000	1.505672
0.830000	17.134000	1.505672
0.840000	17.134000	1.505672
0.850000	17.134000	1.505672
0.860000	17.134000	1.505672
0.870000	17.134000	1.505672
0.880000	17.134000	1.505672
0.890000	17.134000	1.505672
0.900000	17.134000	1.505672
0.910000	17.134000	1.505672
0.920000	17.134000	1.505672
0.930000	17.134000	1.505672
0.940000	17.134000	1.505672
0.950000	17.134000	1.505672
0.960000	17.134000	1.505672
0.970000	17.134000	1.003782
0.980000	17.134000	1.505672
0.990000	17.134000	1.505672
1.000000	17.134000	1.505672
1.010000	17.134000	1.505672
1.020000	17.134000	1.505672
1.030000	17.134000	1.505672
1.040000	17.134000	1.505672
1.050000	17.134000	1.505672
1.060000	17.134000	1.505672
1.070000	17.134000	1.505672
1.080000	17.134000	1.505672
1.090000	17.134000	1.003782
1.100000	17.134000	1.003782
1.110000	17.134000	1.003782
1.120000	17.134000	1.505672
1.130000	17.134000	1.505672
1.140000	17.134000	1.505672
1.150000	17.134000	1.505672
1.160000	17.134000	1.505672
1.170000	17.134046	1.505672
1.180000	17.135378	1.505672
1.190000	17.144267	2.007563
1.200000	17.167181	2.509454
1.210000	17.207969	3.011345
1.220000	17.270427	4.015126
1.230000	17.358854	5.520799
1.240000	17.477430	7.026471
1.250000	17.630166	9.034034
1.260000	17.817720	11.041598
1.270000	18.036446	13.551052
1.280000	18.281180	16.562396
1.290000	18.546749	19.573741
1.300000	18.828635	22.585086
1.310000	19.122339	25.596431
1.320000	19.423568	28.607776
1.330000	19.727594	31.619120
1.340000	20.030081	34.128574
1.350000	20.326913	36.638028
1.360000	20.613663	39.649373
1.370000	20.885803	41.656936
1.380000	21.138557	44.166390
1.390000	21.367434	45.672063
1.400000	21.567744	47.177735
1.410000	21.735264	48.683407
1.420000	21.867595	49.185298
1.430000	21.966688	50.189080
1.440000	22.037070	50.189080
1.450000	22.084136	50.189080
1.460000	22.112940	50.189080
1.470000	22.128053	50.189080
1.480000	22.133941	50.189080
1.490000	22.135013	50.189080
1.500000	22.134615	49.687189
1.510000	22.134326	49.687189
1.520000	22.134357	49.185298
1.530000	22.134472	48.683407
1.540000	22.134525	48.683407
1.550000	22.134199	48.181517
1.560000	22.129998	47.679626
1.570000	22.115030	47.177735
1.580000	22.084241	46.173953
1.590000	22.034017	45.170172
1.600000	21.960279	43.664499
1.610000	21.858653	42.158827
1.620000	21.724634	40.151264
1.630000	21.555604	38.143701
1.640000	21.353068	36.136138
1.650000	21.121591	33.626684
1.660000	20.866665	31.117230
1.670000	20.593190	28.105885
1.680000	20.305581	25.094540
1.690000	20.008019	22.585086
1.700000	19.705197	19.573741
1.710000	19.400936	16.060506
1.720000	19.096947	13.049161
1.730000	18.793486	10.037816
1.740000	18.490246	7.026471
1.750000	18.186747	4.015126
1.760000	17.882986	1.505672
1.770000	17.579499	0.000000
1.780000	17.275851	0.000000
1.790000	16.972151	0.000000
1.800000	16.668850	0.501891
1.810000	16.365728	0.501891
1.820000	16.062162	0.000000
1.830000	15.758582	0.000000
1.840000	15.454965	0.000000
1.850000	15.151283	0.000000
1.860000	14.847803	0.000000
1.870000	14.544694	0.000000
1.880000	14.242911	0.501891
1.890000	13.945993	0.501891
1.900000	13.658922	0.501891
1.910000	13.386521	1.003782
1.920000	13.133412	1.003782
1.930000	12.904193	1.003782
1.940000	12.703405	1.505672
1.950000	12.535395	1.505672
1.960000	12.402459	1.505672
1.970000	12.302839	1.003782
1.980000	12.231730	1.003782
1.990000	12.183809	1.003782
2.000000	12.154395	0.501891
2.010000	12.138957	0.501891
2.020000	12.132933	0.501891
2.030000	12.131889	0.000000
2.040000	12.132363	0.000000
2.050000	12.132688	0.000000
2.060000	12.132743	0.000000
2.070000	12.134737	0.501891
2.080000	12.145493	0.501891
2.090000	12.170962	1.003782
2.100000	12.214824	1.003782
2.110000	12.280897	1.003782
2.120000	12.373665	1.003782
2.130000	12.497363	1.505672
2.140000	12.655587	1.505672
2.150000	12.848209	1.505672
2.160000	13.071198	1.003782
2.170000	13.319463	1.003782
2.180000	13.587760	1.003782
2.190000	13.871526	0.501891
2.200000	14.166454	0.501891
2.210000	14.468170	0.501891
2.220000	14.772345	0.000000
2.230000	15.076580	0.000000
2.240000	15.380178	0.000000
2.250000	15.683633	0.000000
2.260000	15.986927	0.000000
2.270000	16.290293	0.000000
2.280000	16.593916	0.000000
2.290000	16.897537	0.501891
2.300000	17.201132	1.505672
2.310000	17.504643	4.517017
2.320000	17.807999	8.532144
2.330000	18.111390	12.547270
2.340000	18.414928	16.060506
2.350000	18.718522	19.573741
2.360000	19.022090	22.585086
2.370000	19.325530	26.098322
2.380000	19.628937	29.109666
2.390000	19.931539	31.619120
2.400000	20.230372	34.630465
2.410000	20.520949	37.139919
2.420000	20.798416	39.649373
2.430000	21.058002	42.158827
2.440000	21.295147	43.664499
2.450000	21.505278	45.672063
2.460000	21.683973	46.675844
2.470000	21.827830	47.679626
2.480000	21.937449	48.683407
2.490000	22.016686	49.185298
2.500000	22.070824	49.185298
2.510000	22.105118	49.687189
2.520000	22.124302	49.185298
2.530000	22.132808	49.185298
2.540000	22.135018	48.683407
2.550000	22.134796	48.683407
2.560000	22.134373	48.181517
2.570000	22.134317	48.181517
2.580000	22.134433	48.181517
2.590000	22.133924	47.679626
2.600000	22.128398	47.177735
2.610000	22.111145	46.675844
2.620000	22.077460	45.672063
2.630000	22.023707	44.668281
2.640000	21.945788	42.660718
2.650000	21.839299	41.155046
2.660000	21.699776	39.147482
2.670000	21.525160	37.641810
2.680000	21.317652	35.132356
2.690000	21.082063	33.124793
2.700000	20.823855	30.113448
2.710000	20.547780	27.102103
2.720000	20.258247	24.592649
2.730000	19.959601	21.581304
2.740000	19.656412	18.569960
2.750000	19.352133	15.056724
2.760000	19.048173	12.045379
2.770000	18.744771	9.034034
2.780000	18.441589	6.022690
2.790000	18.138043	3.011345
2.800000	17.834317	1.003782
2.810000	17.530833	0.000000
2.820000	17.227304	0.000000
2.830000	16.923622	0.000000
2.840000	16.620246	0.000000
2.850000	16.316986	0.000000
2.860000	16.013355	0.000000
2.870000	15.709805	0.000000
2.880000	15.406245	0.000000
2.890000	15.102535	0.000000
2.900000	14.799076	0.501891
2.910000	14.496067	0.501891
2.920000	14.194781	0.501891
2.930000	13.899104	0.501891
2.940000	13.614044	0.501891
2.950000	13.344455	1.003782
2.960000	13.094894	1.003782
2.970000	12.869966	1.003782
2.980000	12.674145	1.505672
2.990000	12.511690	1.505672
3.000000	12.384302	1.505672
3.010000	12.289661	1.003782
3.020000	12.222626	1.003782
3.030000	12.177995	0.501891
3.040000	12.151074	0.501891
3.050000	12.137388	0.501891
3.060000	12.132437	0.501891
3.070000	12.131885	0.000000
3.080000	12.132443	0.000000
3.090000	12.132720	0.000000
3.100000	12.133402	0.501891
3.110000	12.139771	0.501891
3.120000	12.158908	0.501891
3.130000	12.195005	1.003782
3.140000	12.251619	1.003782
3.150000	12.333200	1.505672
3.160000	12.444027	1.505672
3.170000	12.588188	1.505672
3.180000	12.767332	1.505672
3.190000	12.978832	1.003782
3.200000	13.217644	1.003782
3.210000	13.478531	1.003782
3.220000	13.756683	0.501891
3.230000	14.047699	0.501891
3.240000	14.347227	0.501891
3.250000	14.650769	0.501891
3.260000	14.955169	0.000000
3.270000	15.259012	0.000000
3.280000	15.562473	0.501891
3.290000	15.865849	0.501891
3.300000	16.169253	0.000000
3.310000	16.472830	0.000000
3.320000	16.776449	0.000000
3.330000	17.079983	0.501891
3.340000	17.383438	2.509454
3.350000	17.686854	6.022690
3.360000	17.990304	10.037816
3.370000	18.293831	14.052942
3.380000	18.597388	17.064287
3.390000	18.900921	20.577523
3.400000	19.204349	24.090758
3.410000	19.507797	27.102103
3.420000	19.810955	30.113448
3.430000	20.111776	32.622902
3.440000	20.406269	35.634247
3.450000	20.689515	38.143701
3.460000	20.956776	40.653155
3.470000	21.203402	42.660718
3.480000	21.424890	44.668281
3.490000	21.616621	45.672063
3.500000	21.774547	46.675844
3.510000	21.897469	47.679626
3.520000	21.988269	48.181517
3.530000	22.051802	48.683407
3.540000	22.093505	48.683407
3.550000	22.118198	48.683407
3.560000	22.130430	48.683407
3.570000	22.134618	48.683407
3.580000	22.134991	48.683407
3.590000	22.134503	48.181517
3.600000	22.134303	47.679626
3.610000	22.134385	47.679626
3.620000	22.134265	47.177735
3.630000	22.130852	46.675844
3.640000	22.117595	46.173953
3.650000	22.089116	45.170172
3.660000	22.041569	44.166390
3.670000	21.971071	43.162609
3.680000	21.873331	41.155046
3.690000	21.743760	39.649373
3.700000	21.579214	37.641810
3.710000	21.380718	35.634247
3.720000	21.152644	33.124793
3.730000	20.900476	30.615339
3.740000	20.629200	27.603994
3.750000	20.343208	24.592649
3.760000	20.046730	21.581304
3.770000	19.744359	18.569960
3.780000	19.440044	15.558615
3.790000	19.135941	12.547270
3.800000	18.832428	9.535925
3.810000	18.529222	6.524580
3.820000	18.225884	3.513236
3.830000	17.922155	1.003782
3.840000	17.618626	0.000000
3.850000	17.315087	0.000000
3.860000	17.011401	0.000000
3.870000	16.707984	0.000000
3.880000	16.404747	0.000000
3.890000	16.101215	0.000000
3.900000	15.797578	0.000000
3.910000	15.494100	0.000000
3.920000	15.190526	0.000000
3.930000	14.886947	0.501891
3.940000	14.583688	0.501891
3.950000	14.281561	0.501891
3.960000	13.983742	0.501891
3.970000	13.695140	0.501891
3.980000	13.420532	1.003782
3.990000	13.164667	1.003782
4.000000	12.932191	1.505672
4.010000	12.727556	1.505672
4.020000	12.555091	1.505672
4.030000	12.417608	1.505672
4.040000	12.313898	1.505672
4.050000	12.239463	1.003782
4.060000	12.188882	1.003782
4.070000	12.157356	0.501891
4.080000	12.140306	0.501891
4.090000	12.133276	0.501891
4.100000	12.131837	0.501891
4.110000	12.132285	0.501891
4.120000	12.132678	0.000000
4.130000	12.132827	0.000000
4.140000	12.135474	0.501891
4.150000	12.147692	1.003782
4.160000	12.175036	1.003782
4.170000	12.221099	1.003782
4.180000	12.289874	1.003782
4.190000	12.385842	1.003782
4.200000	12.513236	1.003782
4.210000	12.675346	1.505672
4.220000	12.871609	1.505672
4.230000	13.097771	1.003782
4.240000	13.348476	1.003782
4.250000	13.618681	0.501891
4.260000	13.903959	0.501891
4.270000	14.199915	0.501891
4.280000	14.502063	0.501891
4.290000	14.806276	0.000000
4.300000	15.110412	0.000000
4.310000	15.413896	0.000000
4.320000	15.717164	0.000000
4.330000	16.020451	0.501891
4.340000	16.324073	0.000000
4.350000	16.627810	0.000000
4.360000	16.931461	0.000000
4.370000	17.234945	1.505672
4.380000	17.538392	4.015126
4.390000	17.841731	8.030253
4.400000	18.145112	12.045379
4.410000	18.448725	15.558615
4.420000	18.752250	18.569960
4.430000	19.055838	22.083195
4.440000	19.359410	25.094540
4.450000	19.662740	28.105885
4.460000	19.965027	31.117230
4.470000	20.263237	34.128574
4.480000	20.552657	36.638028
4.490000	20.828329	39.147482
4.500000	21.085552	41.155046
4.510000	21.319886	43.162609
4.520000	21.526753	44.668281
4.530000	21.701724	46.173953
4.540000	21.841609	47.177735
4.550000	21.947606	47.679626
4.560000	22.023777	48.181517
4.570000	22.075498	48.683407
4.580000	22.107888	48.683407
4.590000	22.125652	48.683407
4.600000	22.133249	48.181517
4.610000	22.135048	48.181517
4.620000	22.134742	47.679626
4.630000	22.134354	47.679626
4.640000	22.134328	47.679626
4.650000	22.134422	47.177735
4.660000	22.133048	46.675844
4.670000	22.124448	46.173953
4.680000	22.102361	45.672063
4.690000	22.062618	44.668281
4.700000	22.001546	43.162609
4.710000	21.914951	41.656936
4.720000	21.798307	40.151264
4.730000	21.647485	38.143701
4.740000	21.461809	36.136138
4.750000	21.244644	34.128574
4.760000	21.001217	31.619120
4.770000	20.736825	28.607776
4.780000	20.456031	25.596431
4.790000	20.163070	22.585086
4.800000	19.862453	19.573741
4.810000	19.558604	16.562396
4.820000	19.254349	13.551052
4.830000	18.950421	10.037816
4.840000	18.647083	7.026471
4.850000	18.343959	4.517017
4.860000	18.040429	1.505672
4.870000	17.736848	0.000000
4.880000	17.433388	-0.501891
4.890000	17.129733	0.000000
4.900000	16.826043	0.000000
4.910000	16.522737	0.000000
4.920000	16.219441	0.000000
4.930000	15.915778	0.000000
4.940000	15.612294	0.000000
4.950000	15.308694	0.000000
4.960000	15.004979	0.000000
4.970000	14.701666	0.000000
4.980000	14.398919	0.000000
4.990000	14.098955	0.501891
5.000000	13.806179	0.501891
5.010000	13.525550	1.003782
5.020000	13.261817	1.003782
5.030000	13.019648	1.003782
5.040000	12.803608	1.003782
5.050000	12.618106	1.505672
5.060000	12.466945	1.505672
5.070000	12.350501	1.505672
5.080000	12.265310	1.003782
5.090000	12.206024	1.003782
5.100000	12.167568	0.501891
5.110000	12.145412	0.501891
5.120000	12.135077	0.501891
5.130000	12.132003	0.501891
5.140000	12.132063	0.000000
5.150000	12.132582	0.000000
5.160000	12.133247	0.501891
5.170000	12.138619	0.501891
5.180000	12.156128	0.501891
5.190000	12.190141	1.003782
5.200000	12.244249	1.003782
5.210000	12.322863	1.505672
5.220000	12.430317	1.505672
5.230000	12.570736	1.505672
5.240000	12.746143	1.505672
5.250000	12.954376	1.003782
5.260000	13.190467	1.003782
5.270000	13.449209	0.501891
5.280000	13.725689	0.501891
5.290000	14.015541	0.501891
5.300000	14.314451	0.501891
5.310000	14.617801	0.000000
5.320000	14.922105	0.000000
5.330000	15.226018	0.000000
5.340000	15.529444	0.000000
5.350000	15.832640	0.000000
5.360000	16.135950	0.000000
5.370000	16.439646	0.000000
5.380000	16.743346	0.000000
5.390000	17.046980	0.501891
5.400000	17.350545	2.007563
5.410000	17.653857	5.018908
5.420000	17.957161	9.034034
5.430000	18.260773	13.049161
5.440000	18.564449	16.562396
5.450000	18.868020	19.573741
5.460000	19.171495	22.585086
5.470000	19.474873	26.098322
5.480000	19.777836	29.109666
5.490000	20.079116	32.121011
5.500000	20.374686	34.630465
5.510000	20.659472	37.139919
5.520000	20.928740	39.649373
5.530000	21.177771	41.656936
5.540000	21.402185	43.664499
5.550000	21.597343	45.170172
5.560000	21.759094	46.173953
5.570000	21.885770	47.177735
5.580000	21.979835	47.679626
5.590000	22.046062	48.181517
5.600000	22.089846	48.181517
5.610000	22.115959	48.181517
5.620000	22.129241	48.181517
5.630000	22.134279	48.181517
5.640000	22.135048	47.679626
5.650000	22.134595	47.679626
5.660000	22.134323	47.177735
5.670000	22.134286	47.177735
5.680000	22.132102	46.675844
5.690000	22.121307	46.173953
5.700000	22.095992	45.170172
5.710000	22.052278	44.166390
5.720000	21.986448	43.162609
5.730000	21.894187	41.155046
5.740000	21.770893	39.649373
5.750000	21.612968	37.641810
5.760000	21.420620	35.634247
5.770000	21.197736	33.124793
5.780000	20.949679	30.615339
5.790000	20.681630	28.105885
5.800000	20.398038	25.094540
5.810000	20.103178	22.083195
5.820000	19.801618	19.071850
5.830000	19.497535	16.060506
5.840000	19.193279	12.547270
5.850000	18.889517	9.535925
5.860000	18.586313	6.524580
5.870000	18.283113	3.513236
5.880000	17.979484	1.003782
5.890000	17.675965	0.000000
5.900000	17.372494	0.000000
5.910000	17.068778	0.000000
5.920000	16.765231	0.000000
5.930000	16.461974	0.000000
5.940000	16.158516	0.000000
5.950000	15.854896	0.000000
5.960000	15.551450	0.000000
5.970000	15.247951	0.000000
5.980000	14.944260	0.000000
5.990000	14.640842	0.000000
6.000000	14.338301	0.000000
6.010000	14.039350	0.501891
6.020000	13.748653	0.501891
6.030000	13.471112	0.501891
6.040000	13.211362	0.501891
6.050000	12.974066	1.003782
6.060000	12.763776	1.003782
6.070000	12.584932	1.003782
6.080000	12.440878	1.505672
6.090000	12.331086	1.003782
6.100000	12.251490	1.003782
6.110000	12.196769	1.003782
6.120000	12.161948	0.501891
6.130000	12.142562	0.501891
6.140000	12.134058	0.501891
6.150000	12.131898	0.000000
6.160000	12.132183	0.000000
6.170000	12.132635	0.000000
6.180000	12.132698	0.000000
6.190000	12.133176	0.000000
6.200000	12.138755	0.501891
6.210000	12.156506	0.501891
6.220000	12.190800	1.003782
6.230000	12.245091	1.003782
6.240000	12.323963	1.003782
6.250000	12.431783	1.505672
6.260000	12.572668	1.003782
6.270000	12.748532	1.003782
6.280000	12.957140	1.003782
6.290000	13.193576	1.003782
6.300000	13.452598	1.003782
6.310000	13.729261	0.501891
6.320000	14.019239	0.501891
6.330000	14.318264	0.000000
6.340000	14.621720	0.000000
6.350000	14.925327	0.000000
6.360000	15.224827	0.000000
6.370000	15.515648	-0.501891
6.380000	15.793269	-0.501891
6.390000	16.053219	-0.501891
6.400000	16.290910	-1.003782
6.410000	16.501624	-1.003782
6.420000	16.680956	-1.003782
6.430000	16.825432	-1.003782
6.440000	16.935649	-1.003782
6.450000	17.015337	-1.003782
6.460000	17.070024	-0.501891
6.470000	17.104862	-0.501891
6.480000	17.124307	0.000000
6.490000	17.132828	0.000000
6.500000	17.135036	0.000000
6.510000	17.134803	0.000000
6.520000	17.134373	0.000000
6.530000	17.134315	0.000000
6.540000	17.134435	0.000000
6.550000	17.134517	0.000000
6.560000	17.134526	0.000000
6.570000	17.134508	0.000000
6.580000	17.134496	0.000000
6.590000	17.134496	0.000000
6.600000	17.134499	0.000000
6.610000	17.134501	0.000000
6.620000	17.134501	0.000000
6.630000	17.134500	0.000000
6.640000	17.134500	0.000000
6.650000	17.134500	0.000000
6.660000	17.134500	0.000000
6.670000	17.134500	0.000000
6.680000	17.134500	0.000000
6.690000	17.134500	0.000000
6.700000	17.134500	0.000000
6.710000	17.134500	0.000000
6.720000	17.134500	0.000000
6.730000	17.134500	0.000000
6.740000	17.134500	0.000000
6.750000	17.134500	0.000000
6.760000	17.134500	0.000000
6.770000	17.134500	0.000000
6.780000	17.134500	0.000000
6.790000	17.134500	0.000000
6.800000	17.135000	0.000000
6.810000	17.135000	0.000000
6.820000	17.135000	0.000000
6.830000	17.135000	0.000000
6.840000	17.135000	0.000000
6.850000	17.135000	0.000000
6.860000	17.135000	0.000000
6.870000	17.135000	0.000000
6.880000	17.135000	0.501891
6.890000	17.135000	0.501891
<END DATA>
