<Mach-1 File>
<INFO>
Date:	Tue, Apr 07, 2026
Time:	10:47:01.361
Mach-1 Motion Software Version:	4.5.0.1
Mach-1 System S/N:	MA0561195
Mach-1 System Model:	V500c
Load Cell Name:	100N-SN195168
Load Cell Type:	Single-axis
Load Cell Calibration Factor:	1.003782
Load Cell Offset:	31.000000
Load Cell Calibration Date:	2025-08-20
Load Cell Low-pass filter:	Yes
Load Cell Low-pass filter Order:	3
Load Cell Low-pass filter Cutoff frequency (Hz):	20.00
<END INFO>
<Sinusoid>
Stage Axis:	Position (z)
Amplitude, mm:	5.0000
Frequency, Hz:	1.00000
Number of Cycles:	5
<DATA>
Time, s	Position (z), mm	Fz, gf
0.000000	16.481000	0.501891
0.010000	16.481000	0.501891
0.020000	16.481000	0.501891
0.030000	16.481000	0.501891
0.040000	16.481000	0.501891
0.050000	16.481000	0.501891
0.060000	16.481000	0.501891
0.070000	16.481000	0.501891
0.080000	16.481000	0.501891
0.090000	16.481000	0.501891
0.100000	16.481000	0.501891
0.110000	16.481000	0.501891
0.120000	16.481000	0.501891
0.130000	16.481000	0.501891
0.140000	16.481000	0.501891
0.150000	16.481000	0.501891
0.160000	16.481000	0.501891
0.170000	16.481000	0.501891
0.180000	16.481000	0.501891
0.190000	16.481000	0.501891
0.200000	16.481000	0.501891
0.210000	16.481000	0.501891
0.220000	16.481000	0.501891
0.230000	16.481000	0.501891
0.240000	16.481000	0.501891
0.250000	16.481000	0.501891
0.260000	16.481000	0.501891
0.270000	16.481000	0.501891
0.280000	16.481000	0.501891
0.290000	16.481000	0.501891
0.300000	16.481000	0.501891
0.310000	16.481000	0.501891
0.320000	16.481000	0.501891
0.330000	16.481000	0.501891
0.340000	16.481000	0.501891
0.350000	16.481000	0.501891
0.360000	16.481000	0.501891
0.370000	16.481000	0.501891
0.380000	16.481000	0.501891
0.390000	16.481000	0.501891
0.400000	16.481000	0.501891
0.410000	16.481000	0.501891
0.420000	16.481000	0.501891
0.430000	16.481000	0.501891
0.440000	16.481000	0.501891
0.450000	16.481000	0.501891
0.460000	16.481000	0.501891
0.470000	16.481000	0.501891
0.480000	16.481000	0.501891
0.490000	16.481000	0.501891
0.500000	16.481000	0.501891
0.510000	16.481000	0.501891
0.520000	16.481000	0.501891
0.530000	16.481000	0.501891
0.540000	16.481000	0.501891
0.550000	16.481000	0.501891
0.560000	16.481000	0.501891
0.570000	16.481000	0.501891
0.580000	16.481000	1.003782
0.590000	16.481000	0.501891
0.600000	16.481000	0.501891
0.610000	16.481000	0.501891
0.620000	16.481000	0.501891
0.630000	16.481000	0.501891
0.640000	16.481000	0.501891
0.650000	16.481000	0.501891
0.660000	16.481000	0.501891
0.670000	16.481000	0.501891
0.680000	16.481000	0.501891
0.690000	16.481000	0.501891
0.700000	16.481000	0.501891
0.710000	16.481000	0.501891
0.720000	16.481000	0.501891
0.730000	16.481000	0.501891
0.740000	16.481000	1.003782
0.750000	16.481000	0.501891
0.760000	16.481000	0.501891
0.770000	16.481000	0.501891
0.780000	16.481000	0.501891
0.790000	16.481000	0.501891
0.800000	16.481000	0.501891
0.810000	16.481000	0.501891
0.820000	16.481000	0.501891
0.830000	16.481000	0.501891
0.840000	16.481000	0.501891
0.850000	16.481000	0.501891
0.860000	16.481000	0.501891
0.870000	16.481000	0.501891
0.880000	16.481000	0.501891
0.890000	16.481000	0.501891
0.900000	16.481000	0.501891
0.910000	16.481000	0.501891
0.920000	16.481000	0.501891
0.930000	16.481000	0.501891
0.940000	16.481000	0.501891
0.950000	16.481000	0.501891
0.960000	16.481000	0.501891
0.970000	16.481000	0.501891
0.980000	16.481000	0.501891
0.990000	16.481000	0.501891
1.000000	16.481000	0.501891
1.010000	16.481000	0.501891
1.020000	16.481000	0.501891
1.030000	16.481000	0.501891
1.040000	16.481000	0.501891
1.050000	16.481000	0.501891
1.060000	16.481000	0.501891
1.070000	16.481000	0.501891
1.080000	16.481000	0.501891
1.090000	16.481000	0.501891
1.100000	16.481000	0.501891
1.110000	16.481000	0.501891
1.120000	16.481000	0.501891
1.130000	16.481000	0.501891
1.140000	16.481000	0.501891
1.150000	16.481000	0.501891
1.160000	16.481000	0.501891
1.170000	16.481000	0.501891
1.180000	16.481000	0.501891
1.190000	16.481000	0.501891
1.200000	16.481000	0.501891
1.210000	16.481000	0.501891
1.220000	16.481000	0.501891
1.230000	16.481019	0.501891
1.240000	16.482229	1.003782
1.250000	16.490919	1.003782
1.260000	16.513436	1.003782
1.270000	16.553716	1.505672
1.280000	16.615592	1.505672
1.290000	16.703053	1.505672
1.300000	16.820786	2.509454
1.310000	16.972679	4.517017
1.320000	17.159306	6.524580
1.330000	17.377227	9.535925
1.340000	17.621188	12.045379
1.350000	17.886275	15.558615
1.360000	18.167748	18.569960
1.370000	18.461198	21.581304
1.380000	18.762077	25.094540
1.390000	19.066108	28.105885
1.400000	19.368852	31.117230
1.410000	19.665917	34.128574
1.420000	19.953029	37.139919
1.430000	20.225560	39.649373
1.440000	20.478882	41.656936
1.450000	20.708385	43.664499
1.460000	20.909632	45.170172
1.470000	21.078071	46.675844
1.480000	21.211390	47.679626
1.490000	21.311299	48.181517
1.500000	21.382557	48.683407
1.510000	21.430490	49.185298
1.520000	21.459921	49.185298
1.530000	21.475288	49.185298
1.540000	21.481149	48.683407
1.550000	21.482091	48.683407
1.560000	21.481607	48.683407
1.570000	21.481303	48.181517
1.580000	21.481349	48.181517
1.590000	21.481475	47.679626
1.600000	21.481261	47.177735
1.610000	21.477359	46.675844
1.620000	21.462796	46.173953
1.630000	21.432248	45.170172
1.640000	21.382133	44.166390
1.650000	21.308918	42.660718
1.660000	21.207842	41.155046
1.670000	21.074278	39.147482
1.680000	20.905791	37.139919
1.690000	20.703931	34.630465
1.700000	20.473131	32.121011
1.710000	20.218667	29.109666
1.720000	19.945348	26.098322
1.730000	19.657856	23.086977
1.740000	19.360523	20.075632
1.750000	19.057554	16.562396
1.760000	18.753233	13.049161
1.770000	18.449465	10.037816
1.780000	18.146037	7.026471
1.790000	17.842575	4.015126
1.800000	17.539252	1.505672
1.810000	17.235787	0.501891
1.820000	16.931993	0.501891
1.830000	16.628477	0.501891
1.840000	16.325209	0.501891
1.850000	16.021610	0.501891
1.860000	15.718118	0.501891
1.870000	15.414777	0.501891
1.880000	15.111171	0.501891
1.890000	14.807540	0.501891
1.900000	14.504053	0.501891
1.910000	14.200678	0.501891
1.920000	13.897278	0.501891
1.930000	13.595398	0.501891
1.940000	13.298421	1.003782
1.950000	13.011028	1.003782
1.960000	12.738349	1.003782
1.970000	12.484951	1.505672
1.980000	12.255365	1.505672
1.990000	12.053915	2.007563
2.000000	11.885187	2.007563
2.010000	11.751681	1.505672
2.020000	11.651395	1.505672
2.030000	11.579761	1.505672
2.040000	11.531669	1.505672
2.050000	11.502098	1.003782
2.060000	11.486499	1.003782
2.070000	11.480412	1.003782
2.080000	11.479323	0.501891
2.090000	11.479586	0.501891
2.100000	11.479737	0.501891
2.110000	11.480302	0.501891
2.120000	11.485956	1.003782
2.130000	11.504011	1.003782
2.140000	11.539334	1.003782
2.150000	11.595241	1.505672
2.160000	11.675606	1.505672
2.170000	11.784809	2.007563
2.180000	11.927380	2.007563
2.190000	12.104879	2.007563
2.200000	12.314945	1.505672
2.210000	12.552539	1.505672
2.220000	12.812450	1.003782
2.230000	13.089978	1.003782
2.240000	13.380543	1.003782
2.250000	13.679684	0.501891
2.260000	13.983193	0.501891
2.270000	14.287484	0.501891
2.280000	14.591176	0.501891
2.290000	14.894646	0.501891
2.300000	15.198227	0.501891
2.310000	15.501739	0.501891
2.320000	15.805157	0.501891
2.330000	16.108740	1.003782
2.340000	16.412370	0.501891
2.350000	16.715771	0.501891
2.360000	17.019232	2.509454
2.370000	17.322761	6.022690
2.380000	17.626109	10.037816
2.390000	17.929494	14.052942
2.400000	18.233111	17.566178
2.410000	18.536698	21.079414
2.420000	18.840151	24.592649
2.430000	19.143389	27.603994
2.440000	19.444397	30.615339
2.450000	19.739223	33.626684
2.460000	20.023150	36.136138
2.470000	20.291359	38.645592
2.480000	20.539076	41.155046
2.490000	20.761840	43.162609
2.500000	20.955178	44.668281
2.510000	21.114764	45.672063
2.520000	21.239258	46.675844
2.530000	21.331491	47.679626
2.540000	21.396435	47.679626
2.550000	21.439307	48.181517
2.560000	21.464879	48.181517
2.570000	21.477478	48.181517
2.580000	21.481644	47.679626
2.590000	21.481958	47.679626
2.600000	21.481470	47.177735
2.610000	21.481293	47.177735
2.620000	21.481389	46.675844
2.630000	21.481493	46.675844
2.640000	21.480964	46.173953
2.650000	21.475692	45.672063
2.660000	21.458822	45.170172
2.670000	21.425406	44.668281
2.680000	21.371951	43.162609
2.690000	21.294626	41.656936
2.700000	21.188616	40.151264
2.710000	21.049448	38.143701
2.720000	20.875360	36.136138
2.730000	20.668532	33.626684
2.740000	20.433655	31.117230
2.750000	20.175864	28.105885
2.760000	19.899976	25.094540
2.770000	19.610622	22.083195
2.780000	19.312146	18.569960
2.790000	19.008873	15.558615
2.800000	18.704585	12.045379
2.810000	18.400755	9.034034
2.820000	18.097240	6.022690
2.830000	17.793897	3.011345
2.840000	17.490629	1.003782
2.850000	17.187017	0.501891
2.860000	16.883218	0.501891
2.870000	16.579697	0.501891
2.880000	16.276349	0.501891
2.890000	15.972791	0.501891
2.900000	15.669408	0.501891
2.910000	15.366084	0.501891
2.920000	15.062389	0.501891
2.930000	14.758753	0.501891
2.940000	14.455300	0.501891
2.950000	14.151881	0.501891
2.960000	13.848596	0.501891
2.970000	13.547303	0.501891
2.980000	13.251504	1.003782
2.990000	12.966091	1.003782
3.000000	12.696179	1.505672
3.010000	12.446324	1.505672
3.020000	12.220979	1.505672
3.030000	12.024484	1.505672
3.040000	11.861278	2.007563
3.050000	11.733319	2.007563
3.060000	11.638006	1.505672
3.070000	11.570579	1.505672
3.080000	11.525808	1.003782
3.090000	11.498758	1.003782
3.100000	11.485010	1.003782
3.110000	11.480020	0.501891
3.120000	11.479359	0.501891
3.130000	11.479657	0.501891
3.140000	11.479825	0.501891
3.150000	11.481570	1.003782
3.160000	11.491503	1.003782
3.170000	11.516029	1.003782
3.180000	11.559136	1.505672
3.190000	11.624337	1.505672
3.200000	11.715627	2.007563
3.210000	11.837737	2.007563
3.220000	11.994329	2.007563
3.230000	12.185365	1.505672
3.240000	12.407139	1.505672
3.250000	12.654302	1.003782
3.260000	12.921827	1.003782
3.270000	13.205071	1.003782
3.280000	13.499532	1.003782
3.290000	13.800938	0.501891
3.300000	14.105023	0.501891
3.310000	14.409146	0.501891
3.320000	14.712783	0.501891
3.330000	15.016293	0.501891
3.340000	15.319808	0.501891
3.350000	15.623105	0.501891
3.360000	15.926550	0.501891
3.370000	16.230220	0.501891
3.380000	16.533906	1.003782
3.390000	16.837507	1.003782
3.400000	17.140950	3.513236
3.410000	17.444325	7.026471
3.420000	17.747595	11.041598
3.430000	18.051110	15.056724
3.440000	18.354780	18.068069
3.450000	18.658278	21.581304
3.460000	18.961735	25.094540
3.470000	19.264457	28.105885
3.480000	19.563498	31.117230
3.490000	19.854585	34.128574
3.500000	20.132795	36.638028
3.510000	20.393378	39.147482
3.520000	20.631624	41.155046
3.530000	20.843101	43.162609
3.540000	21.023326	44.668281
3.550000	21.168849	45.672063
3.560000	21.279898	46.675844
3.570000	21.360524	47.177735
3.580000	21.416008	47.679626
3.590000	21.451395	47.679626
3.600000	21.471189	47.679626
3.610000	21.479838	47.177735
3.620000	21.482012	47.177735
3.630000	21.481769	47.177735
3.640000	21.481357	46.675844
3.650000	21.481316	46.675844
3.660000	21.481430	46.173953
3.670000	21.480792	46.173953
3.680000	21.474828	45.170172
3.690000	21.456700	44.668281
3.700000	21.421552	43.664499
3.710000	21.366015	42.660718
3.720000	21.286253	41.155046
3.730000	21.177379	39.649373
3.740000	21.035095	37.641810
3.750000	20.857915	35.634247
3.760000	20.648328	33.124793
3.770000	20.411165	30.615339
3.780000	20.151546	27.603994
3.790000	19.874244	24.592649
3.800000	19.583852	21.079414
3.810000	19.284731	18.068069
3.820000	18.981231	14.554833
3.830000	18.676992	11.543488
3.840000	18.373226	8.532144
3.850000	18.069706	5.520799
3.860000	17.766323	2.509454
3.870000	17.463023	1.003782
3.880000	17.159484	0.501891
3.890000	16.855714	0.501891
3.900000	16.552183	0.501891
3.910000	16.248834	0.501891
3.920000	15.945292	0.501891
3.930000	15.641922	0.501891
3.940000	15.338479	0.501891
3.950000	15.034769	0.501891
3.960000	14.731194	0.501891
3.970000	14.427836	0.501891
3.980000	14.124385	0.501891
3.990000	13.821058	0.501891
4.000000	13.520050	1.003782
4.010000	13.225040	1.003782
4.020000	12.940924	1.003782
4.030000	12.672703	1.505672
4.040000	12.424897	1.505672
4.050000	12.201923	1.505672
4.060000	12.008206	2.007563
4.070000	11.848206	2.007563
4.080000	11.723441	2.007563
4.090000	11.630848	1.505672
4.100000	11.565668	1.505672
4.110000	11.522670	1.003782
4.120000	11.496968	1.003782
4.130000	11.484202	0.501891
4.140000	11.479829	0.501891
4.150000	11.479445	0.501891
4.160000	11.479791	0.501891
4.170000	11.480046	0.501891
4.180000	11.483282	1.003782
4.190000	11.496855	1.003782
4.200000	11.526436	1.505672
4.210000	11.575527	1.505672
4.220000	11.647929	1.505672
4.230000	11.747752	1.505672
4.240000	11.879627	1.505672
4.250000	12.046374	1.505672
4.260000	12.246849	1.505672
4.270000	12.476573	1.505672
4.280000	12.730164	1.505672
4.290000	13.002693	1.003782
4.300000	13.289645	1.003782
4.310000	13.586555	1.003782
4.320000	13.889111	1.003782
4.330000	14.193365	0.501891
4.340000	14.497498	0.501891
4.350000	14.801245	0.501891
4.360000	15.104754	0.501891
4.370000	15.408163	0.501891
4.380000	15.711419	0.501891
4.390000	16.014778	0.501891
4.400000	16.318459	0.501891
4.410000	16.622102	0.501891
4.420000	16.925685	1.505672
4.430000	17.229182	4.015126
4.440000	17.532585	7.528362
4.450000	17.835850	11.543488
4.460000	18.139367	15.558615
4.470000	18.443040	19.071850
4.480000	18.746602	22.585086
4.490000	19.050008	25.596431
4.500000	19.351986	28.607776
4.510000	19.649138	31.619120
4.520000	19.936965	34.630465
4.530000	20.210507	37.139919
4.540000	20.465050	39.649373
4.550000	20.696014	41.656936
4.560000	20.898952	43.162609
4.570000	21.069290	44.668281
4.580000	21.204536	45.672063
4.590000	21.306245	46.675844
4.600000	21.379020	46.675844
4.610000	21.428161	47.177735
4.620000	21.458536	47.177735
4.630000	21.474616	47.177735
4.640000	21.480925	47.177735
4.650000	21.482063	47.177735
4.660000	21.481626	46.675844
4.670000	21.481312	46.173953
4.680000	21.481345	46.173953
4.690000	21.481470	46.173953
4.700000	21.481398	45.672063
4.710000	21.478871	45.170172
4.720000	21.467396	44.668281
4.730000	21.441033	44.166390
4.740000	21.395895	43.162609
4.750000	21.328563	41.656936
4.760000	21.234566	40.151264
4.770000	21.109073	38.143701
4.780000	20.948862	36.136138
4.790000	20.754636	33.626684
4.800000	20.530256	31.117230
4.810000	20.281056	28.607776
4.820000	20.011817	25.596431
4.830000	19.727287	22.585086
4.840000	19.431912	19.071850
4.850000	19.130006	16.060506
4.860000	18.825853	12.547270
4.870000	18.521775	9.535925
4.880000	18.218273	6.022690
4.890000	17.914740	3.513236
4.900000	17.611437	1.003782
4.910000	17.308049	0.501891
4.920000	17.004284	0.501891
4.930000	16.700724	0.501891
4.940000	16.397290	0.501891
4.950000	16.093792	0.501891
4.960000	15.790299	0.501891
4.970000	15.486923	0.501891
4.980000	15.183426	0.501891
4.990000	14.879740	0.501891
5.000000	14.576237	0.501891
5.010000	14.272813	0.501891
5.020000	13.969328	0.501891
5.030000	13.667017	0.501891
5.040000	13.368508	0.501891
5.050000	13.078285	1.003782
5.060000	12.801611	1.003782
5.070000	12.543192	1.505672
5.080000	12.307594	1.505672
5.090000	12.099009	1.505672
5.100000	11.922102	1.505672
5.110000	11.780238	1.505672
5.120000	11.672439	1.505672
5.130000	11.594495	1.505672
5.140000	11.541288	1.505672
5.150000	11.507691	1.003782
5.160000	11.489187	1.003782
5.170000	11.481271	0.501891
5.180000	11.479392	0.501891
5.190000	11.479680	0.501891
5.200000	11.479891	0.501891
5.210000	11.480257	0.501891
5.220000	11.485168	1.003782
5.230000	11.501926	1.003782
5.240000	11.535587	1.505672
5.250000	11.589480	1.505672
5.260000	11.667547	1.505672
5.270000	11.773960	2.007563
5.280000	11.913397	2.007563
5.290000	12.087879	2.007563
5.300000	12.295293	1.505672
5.310000	12.530725	1.505672
5.320000	12.788907	1.505672
5.330000	13.064967	1.003782
5.340000	13.354498	1.003782
5.350000	13.653061	0.501891
5.360000	13.956329	0.501891
5.370000	14.260621	0.501891
5.380000	14.564647	0.501891
5.390000	14.868194	0.501891
5.400000	15.171625	0.501891
5.410000	15.475052	0.501891
5.420000	15.778433	0.501891
5.430000	16.081989	0.501891
5.440000	16.385647	0.501891
5.450000	16.689137	0.501891
5.460000	16.992627	1.505672
5.470000	17.296071	4.517017
5.480000	17.599447	8.030253
5.490000	17.902817	12.547270
5.500000	18.206377	16.060506
5.510000	18.509980	19.573741
5.520000	18.813515	22.585086
5.530000	19.116783	26.098322
5.540000	19.418070	29.109666
5.550000	19.713649	32.121011
5.560000	19.998769	34.630465
5.570000	20.268541	37.139919
5.580000	20.518270	39.649373
5.590000	20.743412	41.656936
5.600000	20.939502	43.162609
5.610000	21.102166	44.668281
5.620000	21.229707	45.672063
5.630000	21.324603	46.675844
5.640000	21.391696	46.675844
5.650000	21.436306	47.177735
5.660000	21.463152	47.177735
5.670000	21.476677	47.177735
5.680000	21.481458	46.675844
5.690000	21.482010	46.675844
5.700000	21.481525	46.173953
5.710000	21.481299	46.173953
5.720000	21.481374	45.672063
5.730000	21.481489	45.672063
5.740000	21.481354	45.672063
5.750000	21.478365	45.170172
5.760000	21.465925	44.668281
5.770000	21.438376	43.664499
5.780000	21.391865	42.660718
5.790000	21.322828	41.656936
5.800000	21.226734	39.649373
5.810000	21.098871	37.641810
5.820000	20.936223	35.634247
5.830000	20.739714	33.626684
5.840000	20.513359	31.117230
5.850000	20.262555	28.105885
5.860000	19.992123	25.094540
5.870000	19.706727	22.083195
5.880000	19.410720	18.569960
5.890000	19.108447	15.558615
5.900000	18.804198	12.547270
5.910000	18.500260	9.034034
5.920000	18.196818	6.022690
5.930000	17.893336	3.011345
5.940000	17.590009	1.003782
5.950000	17.286581	0.501891
5.960000	16.982824	0.501891
5.970000	16.679264	0.501891
5.980000	16.375866	0.501891
5.990000	16.072344	0.501891
6.000000	15.768879	0.501891
6.010000	15.465553	0.501891
6.020000	15.161969	0.501891
6.030000	14.858279	0.501891
6.040000	14.554784	0.501891
6.050000	14.251371	0.501891
6.060000	13.947859	0.501891
6.070000	13.645541	0.501891
6.080000	13.347497	1.003782
6.090000	13.058211	1.003782
6.100000	12.782749	1.505672
6.110000	12.525771	1.505672
6.120000	12.291906	1.505672
6.130000	12.085440	1.505672
6.140000	11.910938	2.007563
6.150000	11.771530	1.505672
6.160000	11.665965	1.505672
6.170000	11.589953	1.505672
6.180000	11.538349	1.505672
6.190000	11.505990	1.003782
6.200000	11.488338	1.003782
6.210000	11.480973	0.501891
6.220000	11.479376	0.501891
6.230000	11.479703	0.501891
6.240000	11.479860	0.501891
6.250000	11.479689	0.501891
6.260000	11.479764	0.501891
6.270000	11.482875	1.003782
6.280000	11.495827	1.003782
6.290000	11.524157	1.003782
6.300000	11.571769	1.505672
6.310000	11.642412	1.505672
6.320000	11.740209	1.505672
6.330000	11.869813	1.505672
6.340000	12.034254	2.007563
6.350000	12.232535	1.505672
6.360000	12.460379	1.505672
6.370000	12.712536	1.003782
6.380000	12.983994	1.003782
6.390000	13.270158	1.003782
6.400000	13.566654	0.501891
6.410000	13.869077	0.501891
6.420000	14.173108	0.501891
6.430000	14.474467	0.501891
6.440000	14.768665	0.000000
6.450000	15.051151	0.000000
6.460000	15.317406	0.000000
6.470000	15.562821	-0.501891
6.480000	15.782815	-0.501891
6.490000	15.972923	-0.501891
6.500000	16.129073	-0.501891
6.510000	16.250168	-0.501891
6.520000	16.339365	-0.501891
6.530000	16.401829	0.000000
6.540000	16.442738	0.000000
6.550000	16.466422	0.000000
6.560000	16.477770	0.501891
6.570000	16.481627	0.501891
6.580000	16.481961	0.501891
6.590000	16.481503	0.501891
6.600000	16.481317	0.501891
6.610000	16.481393	0.501891
6.620000	16.481495	0.501891
6.630000	16.481527	0.501891
6.640000	16.481514	0.501891
6.650000	16.481499	0.501891
6.660000	16.481496	0.501891
6.670000	16.481498	0.501891
6.680000	16.481500	0.501891
6.690000	16.481501	0.501891
6.700000	16.481500	0.501891
6.710000	16.481500	0.501891
6.720000	16.481500	0.501891
6.730000	16.481500	0.501891
6.740000	16.481500	0.501891
6.750000	16.481500	0.501891
6.760000	16.481500	0.501891
6.770000	16.481500	0.501891
6.780000	16.481500	0.501891
6.790000	16.481500	0.501891
6.800000	16.481500	0.501891
6.810000	16.481500	0.501891
6.820000	16.481500	0.501891
6.830000	16.481500	0.501891
6.840000	16.481500	0.501891
6.850000	16.481500	0.501891
6.860000	16.481500	0.501891
6.870000	16.481500	0.501891
6.880000	16.481500	0.501891
6.890000	16.481500	0.501891
6.900000	16.482000	0.501891
6.910000	16.482000	0.501891
6.920000	16.482000	0.501891
6.930000	16.482000	0.501891
6.940000	16.482000	0.501891
6.950000	16.482000	0.501891
6.960000	16.482000	0.501891
6.970000	16.482000	0.501891
6.980000	16.482000	0.501891
6.990000	16.482000	0.501891
7.000000	16.482000	0.501891
7.010000	16.482000	0.501891
7.020000	16.481995	0.501891
7.030000	16.481844	0.501891
7.040000	16.481604	0.501891
7.050000	16.481475	0.501891
7.060000	16.481464	0.501891
7.070000	16.481491	0.501891
7.080000	16.481506	0.501891
7.090000	16.481506	0.501891
<END DATA>
