<Mach-1 File>
<INFO>
Date:	Tue, Apr 07, 2026
Time:	16:38:24.229
Mach-1 Motion Software Version:	4.5.0.1
Mach-1 System S/N:	MA0561195
Mach-1 System Model:	V500c
Load Cell Name:	100N-SN195168
Load Cell Type:	Single-axis
Load Cell Calibration Factor:	1.003782
Load Cell Offset:	31.000000
Load Cell Calibration Date:	2025-08-20
Load Cell Low-pass filter:	Yes
Load Cell Low-pass filter Order:	3
Load Cell Low-pass filter Cutoff frequency (Hz):	20.00
<END INFO>
<Find Contact>
Stage Axis:	Position (z)
Load Cell Axis:	Fz
Direction:	Positive
Contact Criteria, gf:	1.000000
Stage Velocity, mm/s:	0.2000
Stage Limit, mm:	10.0000
Stage Repositioning:	None
Offset, mm:	0.0000
<DATA>
Time, s	Position (z), mm	Fz, gf
0.000000	16.255000	0.501891
0.010000	16.255000	0.000000
0.020000	16.255000	0.000000
0.030000	16.255000	0.501891
0.040000	16.255000	0.501891
0.050000	16.255000	0.501891
0.060000	16.255000	0.000000
0.070000	16.255000	0.000000
0.080000	16.255000	0.000000
0.090000	16.255000	0.000000
0.100000	16.255000	0.000000
0.110000	16.255000	0.000000
0.120000	16.255000	0.000000
0.130000	16.255000	0.501891
0.140000	16.255000	0.501891
0.150000	16.255000	0.501891
0.160000	16.255000	0.501891
0.170000	16.255000	0.501891
0.180000	16.255000	0.000000
0.190000	16.255000	0.000000
0.200000	16.255000	0.000000
0.210000	16.255000	0.501891
0.220000	16.255000	0.501891
0.230000	16.255000	0.501891
0.240000	16.255000	0.000000
0.250000	16.255000	0.000000
0.260000	16.255000	0.501891
0.270000	16.255000	0.501891
0.280000	16.255000	0.000000
0.290000	16.255092	0.000000
0.300000	16.255339	0.000000
0.310000	16.255923	0.000000
0.320000	16.257605	0.501891
0.330000	16.260128	0.501891
0.340000	16.262766	0.000000
0.350000	16.265191	0.501891
0.360000	16.267423	0.501891
0.370000	16.269597	0.501891
0.380000	16.271782	0.501891
0.390000	16.273952	0.000000
0.400000	16.276030	0.000000
0.410000	16.278061	0.000000
0.420000	16.280092	0.501891
0.430000	16.282157	0.501891
0.440000	16.284281	0.501891
0.450000	16.286382	0.000000
0.460000	16.288506	0.000000
0.470000	16.290690	0.501891
0.480000	16.292884	0.501891
0.490000	16.295072	0.501891
0.500000	16.297204	0.501891
0.510000	16.299247	0.000000
0.520000	16.301245	0.000000
0.530000	16.303210	0.000000
0.540000	16.305199	0.000000
0.550000	16.307234	0.501891
0.560000	16.309249	0.501891
0.570000	16.311246	0.501891
0.580000	16.313232	0.501891
0.590000	16.315194	0.000000
0.600000	16.317155	0.501891
0.610000	16.319125	0.501891
0.620000	16.321086	0.501891
0.630000	16.323102	0.000000
0.640000	16.325188	0.501891
0.650000	16.327246	0.000000
0.660000	16.329217	0.000000
0.670000	16.331007	0.000000
0.680000	16.332704	0.000000
0.690000	16.334518	0.000000
0.700000	16.336476	0.000000
0.710000	16.338482	0.000000
0.720000	16.340440	0.000000
0.730000	16.342413	0.000000
0.740000	16.344456	0.000000
0.750000	16.346524	0.000000
0.760000	16.348515	0.000000
0.770000	16.350432	0.000000
0.780000	16.352428	0.501891
0.790000	16.354484	0.501891
0.800000	16.356559	0.000000
0.810000	16.358729	0.000000
0.820000	16.361019	0.000000
0.830000	16.363285	0.000000
0.840000	16.365369	0.501891
0.850000	16.367312	0.501891
0.860000	16.369228	0.501891
0.870000	16.371159	0.501891
0.880000	16.372975	0.501891
0.890000	16.374632	0.501891
0.900000	16.376416	0.000000
0.910000	16.378433	0.000000
0.920000	16.380500	0.501891
0.930000	16.382536	0.501891
0.940000	16.384546	0.000000
0.950000	16.386529	0.000000
0.960000	16.388497	0.501891
0.970000	16.390468	0.501891
0.980000	16.392492	0.501891
0.990000	16.394542	0.501891
1.000000	16.396581	0.000000
1.010000	16.398653	0.000000
1.020000	16.400742	0.000000
1.030000	16.402812	0.501891
1.040000	16.404719	0.000000
1.050000	16.406567	0.000000
1.060000	16.408504	0.000000
1.070000	16.410528	0.000000
1.080000	16.412544	0.000000
1.090000	16.414500	0.000000
1.100000	16.416459	0.000000
1.110000	16.418492	0.000000
1.120000	16.420629	0.000000
1.130000	16.422904	0.000000
1.140000	16.425190	0.000000
1.150000	16.427317	0.000000
1.160000	16.429263	0.000000
1.170000	16.431222	0.000000
1.180000	16.433236	0.501891
1.190000	16.435154	0.501891
1.200000	16.436848	0.000000
1.210000	16.438587	0.000000
1.220000	16.440579	0.000000
1.230000	16.442639	0.000000
1.240000	16.444616	0.000000
1.250000	16.446577	0.501891
1.260000	16.448549	0.501891
1.270000	16.450558	0.501891
1.280000	16.452594	0.501891
1.290000	16.454640	0.000000
1.300000	16.456629	0.000000
1.310000	16.458611	0.000000
1.320000	16.460565	0.000000
1.330000	16.462528	0.000000
1.340000	16.464520	0.501891
1.350000	16.466546	0.501891
1.360000	16.468675	0.501891
1.370000	16.471021	0.501891
1.380000	16.473288	0.501891
1.390000	16.475338	0.000000
1.400000	16.477273	0.000000
1.410000	16.479172	0.501891
1.420000	16.481036	0.501891
1.430000	16.482795	0.501891
1.440000	16.484615	0.501891
1.450000	16.486570	0.000000
1.460000	16.488592	0.501891
1.470000	16.490586	0.501891
1.480000	16.492554	0.000000
1.490000	16.494548	0.000000
1.500000	16.496537	0.501891
1.510000	16.498515	0.501891
1.520000	16.500511	0.501891
1.530000	16.502502	0.501891
1.540000	16.504515	0.501891
1.550000	16.506524	0.000000
1.560000	16.508525	0.000000
1.570000	16.510537	0.000000
1.580000	16.512740	0.000000
1.590000	16.515079	0.000000
1.600000	16.517249	0.000000
1.610000	16.519084	0.501891
1.620000	16.520653	0.501891
1.630000	16.522384	0.000000
1.640000	16.524385	0.000000
1.650000	16.526463	0.501891
1.660000	16.528495	0.000000
1.670000	16.530509	0.000000
1.680000	16.532530	0.501891
1.690000	16.534552	0.501891
1.700000	16.536548	0.501891
1.710000	16.538537	0.501891
1.720000	16.540509	0.501891
1.730000	16.542478	0.501891
1.740000	16.544493	0.501891
1.750000	16.546497	0.501891
1.760000	16.548493	0.501891
1.770000	16.550479	0.501891
1.780000	16.552462	0.501891
1.790000	16.554436	0.501891
1.800000	16.556390	0.000000
1.810000	16.558354	0.000000
1.820000	16.560389	0.501891
1.830000	16.562385	0.501891
1.840000	16.564320	0.501891
1.850000	16.566278	0.501891
1.860000	16.568311	0.000000
1.870000	16.570383	0.000000
1.880000	16.572465	0.501891
1.890000	16.574537	0.501891
1.900000	16.576574	0.501891
1.910000	16.578574	0.501891
1.920000	16.580555	0.000000
1.930000	16.582580	0.000000
1.940000	16.584729	0.000000
1.950000	16.587096	0.501891
1.960000	16.589371	0.501891
1.970000	16.591394	0.501891
1.980000	16.593288	0.000000
1.990000	16.595184	0.000000
2.000000	16.597131	0.000000
2.010000	16.599031	0.000000
2.020000	16.600784	0.000000
2.030000	16.602599	0.000000
2.040000	16.604555	0.000000
2.050000	16.606561	0.000000
2.060000	16.608562	0.501891
2.070000	16.610556	0.501891
2.080000	16.612596	0.501891
2.090000	16.614679	0.000000
2.100000	16.616672	0.501891
2.110000	16.618619	0.501891
2.120000	16.620627	0.501891
2.130000	16.622908	0.501891
2.140000	16.625224	0.501891
2.150000	16.627320	0.501891
2.160000	16.629272	0.501891
2.170000	16.631242	0.501891
2.180000	16.633170	0.000000
2.190000	16.634949	0.000000
2.200000	16.636657	0.000000
2.210000	16.638568	0.501891
2.220000	16.640648	0.501891
2.230000	16.642900	0.501891
2.240000	16.645163	0.501891
2.250000	16.647292	0.501891
2.260000	16.649293	0.501891
2.270000	16.651254	0.501891
2.280000	16.653166	0.501891
2.290000	16.655019	0.501891
2.300000	16.657039	0.000000
2.310000	16.659210	0.000000
2.320000	16.661310	0.000000
2.330000	16.663294	0.000000
2.340000	16.665148	0.501891
2.350000	16.666887	0.501891
2.360000	16.668634	0.501891
2.370000	16.670557	0.501891
2.380000	16.672570	0.000000
2.390000	16.674582	0.501891
2.400000	16.676579	0.501891
2.410000	16.678657	0.501891
2.420000	16.680851	0.501891
2.430000	16.682949	0.000000
2.440000	16.684892	0.000000
2.450000	16.686791	0.000000
2.460000	16.688675	0.501891
2.470000	16.690674	0.501891
2.480000	16.692718	0.501891
2.490000	16.694681	0.501891
2.500000	16.696673	0.501891
2.510000	16.698774	0.501891
2.520000	16.701004	0.501891
2.530000	16.703242	0.501891
2.540000	16.705294	0.501891
2.550000	16.707135	0.501891
2.560000	16.708797	0.501891
2.570000	16.710531	0.501891
2.580000	16.712462	0.501891
2.590000	16.714487	0.501891
2.600000	16.716543	0.501891
2.610000	16.718555	0.501891
2.620000	16.720556	0.501891
2.630000	16.722558	0.501891
2.640000	16.724553	0.501891
2.650000	16.726543	0.501891
2.660000	16.728564	0.501891
2.670000	16.730586	0.501891
2.680000	16.732665	0.501891
2.690000	16.734934	0.501891
2.700000	16.737212	0.501891
2.710000	16.739292	0.501891
2.720000	16.741143	0.501891
2.730000	16.742769	0.000000
2.740000	16.744498	0.501891
2.750000	16.746438	0.501891
2.760000	16.748482	0.501891
2.770000	16.750561	0.501891
2.780000	16.752623	0.501891
2.790000	16.754596	0.000000
2.800000	16.756556	0.501891
2.810000	16.758517	0.501891
2.820000	16.760468	0.501891
2.830000	16.762463	0.501891
2.840000	16.764533	0.501891
2.850000	16.766654	0.501891
2.860000	16.768757	0.501891
2.870000	16.770800	0.501891
2.880000	16.772725	0.501891
2.890000	16.774618	0.501891
2.900000	16.776551	0.501891
2.910000	16.778552	0.501891
2.920000	16.780559	0.501891
2.930000	16.782532	0.501891
2.940000	16.784519	0.501891
2.950000	16.786520	0.501891
2.960000	16.788517	0.501891
2.970000	16.790508	0.501891
2.980000	16.792456	0.501891
2.990000	16.794422	0.501891
3.000000	16.796457	0.501891
3.010000	16.798513	0.501891
3.020000	16.800499	0.501891
3.030000	16.802450	0.501891
3.040000	16.804474	0.501891
3.050000	16.806645	0.501891
3.060000	16.809045	0.501891
3.070000	16.811343	0.501891
3.080000	16.813383	0.501891
3.090000	16.815297	0.501891
3.100000	16.817229	0.501891
3.110000	16.819204	0.501891
3.120000	16.821190	0.501891
3.130000	16.823125	0.501891
3.140000	16.824863	0.501891
3.150000	16.826578	0.501891
3.160000	16.828477	0.501891
3.170000	16.830485	0.501891
3.180000	16.832517	0.501891
3.190000	16.834515	0.501891
3.200000	16.836503	0.501891
3.210000	16.838525	0.501891
3.220000	16.840577	0.501891
3.230000	16.842752	1.003782
3.240000	16.845052	1.003782
3.250000	16.847249	1.003782
3.260000	16.849290	1.003782
3.270000	16.851243	1.003782
3.280000	16.853189	1.003782
3.290000	16.855098	1.003782
3.300000	16.856843	1.003782
3.310000	16.858570	1.003782
3.320000	16.860498	1.003782
3.330000	16.862605	1.003782
3.340000	16.864870	1.003782
3.350000	16.867171	1.505672
3.360000	16.869232	1.505672
3.370000	16.870957	1.505672
3.380000	16.872634	1.505672
3.390000	16.874506	1.505672
3.400000	16.876545	1.505672
3.410000	16.878603	1.505672
3.420000	16.880644	1.505672
3.430000	16.882802	1.505672
3.440000	16.885069	1.505672
3.450000	16.887243	2.007563
3.460000	16.889134	2.007563
3.470000	16.890732	1.505672
3.480000	16.892461	1.505672
3.490000	16.894432	2.007563
3.500000	16.896042	2.007563
3.510000	16.896696	2.007563
3.520000	16.896680	2.007563
3.530000	16.896579	2.007563
3.540000	16.896744	2.007563
3.550000	16.896954	2.007563
3.560000	16.897039	2.007563
3.570000	16.897029	2.007563
3.580000	16.897002	2.007563
3.590000	16.896993	2.007563
3.600000	16.896996	2.007563
3.610000	16.897000	2.007563
3.620000	16.897001	2.007563
3.630000	16.897001	2.007563
3.640000	16.897000	2.007563
3.650000	16.896941	2.007563
3.660000	16.896711	2.007563
3.670000	16.896517	2.007563
3.680000	16.896459	2.007563
3.690000	16.896478	2.007563
3.700000	16.896502	2.007563
3.710000	16.896507	2.007563
3.720000	16.896503	2.007563
3.730000	16.896500	2.007563
3.740000	16.896499	2.007563
3.750000	16.896500	2.007563
3.760000	16.896500	2.007563
3.770000	16.896500	2.007563
3.780000	16.896500	2.007563
3.790000	16.896500	2.007563
3.800000	16.896500	2.007563
3.810000	16.896500	2.007563
3.820000	16.896500	2.007563
3.830000	16.896500	2.007563
3.840000	16.896500	2.007563
3.850000	16.896500	2.007563
3.860000	16.896500	2.007563
3.870000	16.896416	2.007563
3.880000	16.896177	2.007563
3.890000	16.896001	2.007563
3.900000	16.895959	2.007563
3.910000	16.895982	2.007563
3.920000	16.896003	2.007563
3.930000	16.896007	2.007563
3.940000	16.896003	2.007563
3.950000	16.895999	2.007563
3.960000	16.895999	2.007563
3.970000	16.896000	2.007563
3.980000	16.896000	2.007563
3.990000	16.896000	2.007563
4.000000	16.896000	2.007563
4.010000	16.896000	2.007563
4.020000	16.896000	2.007563
4.030000	16.896000	2.007563
4.040000	16.896000	1.505672
4.050000	16.896000	1.505672
4.060000	16.896000	2.007563
4.070000	16.896000	2.007563
4.080000	16.896000	2.007563
4.090000	16.896000	2.007563
4.100000	16.896000	2.007563
4.110000	16.896000	2.007563
4.120000	16.896000	2.007563
4.130000	16.896000	2.007563
4.140000	16.896000	2.007563
4.150000	16.896000	2.007563
4.160000	16.896000	2.007563
4.170000	16.896000	2.007563
4.180000	16.896000	2.007563
4.190000	16.896000	2.007563
<END DATA>
<INFO>
Date:	Tue, Apr 07, 2026
Time:	16:38:28.429
Mach-1 Motion Software Version:	4.5.0.1
Mach-1 System S/N:	MA0561195
Mach-1 System Model:	V500c
Load Cell Name:	100N-SN195168
Load Cell Type:	Single-axis
Load Cell Calibration Factor:	1.003782
Load Cell Offset:	31.000000
Load Cell Calibration Date:	2025-08-20
Load Cell Low-pass filter:	Yes
Load Cell Low-pass filter Order:	3
Load Cell Low-pass filter Cutoff frequency (Hz):	20.00
<END INFO>
<Sinusoid>
Stage Axis:	Position (z)
Amplitude, mm:	4.0000
Frequency, Hz:	1.25000
Number of Cycles:	5
<DATA>
Time, s	Position (z), mm	Fz, gf
0.000000	16.896000	2.007563
0.010000	16.896000	2.007563
0.020000	16.896000	2.007563
0.030000	16.896000	2.007563
0.040000	16.896000	2.007563
0.050000	16.896000	2.007563
0.060000	16.896000	2.007563
0.070000	16.896000	1.505672
0.080000	16.896000	1.505672
0.090000	16.896000	2.007563
0.100000	16.896000	2.007563
0.110000	16.896000	2.007563
0.120000	16.896000	2.007563
0.130000	16.896000	2.007563
0.140000	16.896000	2.007563
0.150000	16.896000	1.505672
0.160000	16.896000	2.007563
0.170000	16.896000	2.007563
0.180000	16.896000	2.007563
0.190000	16.896000	2.007563
0.200000	16.896000	1.505672
0.210000	16.896000	1.505672
0.220000	16.896000	1.505672
0.230000	16.896000	1.505672
0.240000	16.896000	1.505672
0.250000	16.896000	1.505672
0.260000	16.896000	2.007563
0.270000	16.896000	1.505672
0.280000	16.896000	1.505672
0.290000	16.896000	1.505672
0.300000	16.896000	2.007563
0.310000	16.896000	1.505672
0.320000	16.896000	1.505672
0.330000	16.896000	2.007563
0.340000	16.896000	2.007563
0.350000	16.896000	2.007563
0.360000	16.896000	2.007563
0.370000	16.896000	1.505672
0.380000	16.896000	1.505672
0.390000	16.896000	2.007563
0.400000	16.896000	2.007563
0.410000	16.896000	2.007563
0.420000	16.896000	2.007563
0.430000	16.896000	2.007563
0.440000	16.896000	2.007563
0.450000	16.896000	2.007563
0.460000	16.896000	2.007563
0.470000	16.896000	2.007563
0.480000	16.896000	2.007563
0.490000	16.896000	2.007563
0.500000	16.896000	2.007563
0.510000	16.896000	2.007563
0.520000	16.896000	2.007563
0.530000	16.896000	2.007563
0.540000	16.896000	2.007563
0.550000	16.896000	2.007563
0.560000	16.896000	2.007563
0.570000	16.896000	2.007563
0.580000	16.896000	2.007563
0.590000	16.896000	1.505672
0.600000	16.896000	1.505672
0.610000	16.896000	1.505672
0.620000	16.896000	1.505672
0.630000	16.896000	2.007563
0.640000	16.896000	1.505672
0.650000	16.896000	1.505672
0.660000	16.896000	2.007563
0.670000	16.896000	2.007563
0.680000	16.896000	2.007563
0.690000	16.896000	2.007563
0.700000	16.896000	2.007563
0.710000	16.896000	2.007563
0.720000	16.896000	2.007563
0.730000	16.896000	2.007563
0.740000	16.896000	2.007563
0.750000	16.896000	2.007563
0.760000	16.896000	1.505672
0.770000	16.896000	2.007563
0.780000	16.896000	2.007563
0.790000	16.896000	2.007563
0.800000	16.896000	2.007563
0.810000	16.896000	2.007563
0.820000	16.896000	2.007563
0.830000	16.896000	2.007563
0.840000	16.896000	2.007563
0.850000	16.896000	2.007563
0.860000	16.896000	1.505672
0.870000	16.896000	1.505672
0.880000	16.896000	2.007563
0.890000	16.896000	2.007563
0.900000	16.896000	2.007563
0.910000	16.896000	1.505672
0.920000	16.896000	1.505672
0.930000	16.896000	1.505672
0.940000	16.896000	2.007563
0.950000	16.896000	2.007563
0.960000	16.896000	2.007563
0.970000	16.896000	2.007563
0.980000	16.896000	2.007563
0.990000	16.896000	2.007563
1.000000	16.896000	1.505672
1.010000	16.896000	1.505672
1.020000	16.896000	2.007563
1.030000	16.896000	2.007563
1.040000	16.896000	2.007563
1.050000	16.896000	2.007563
1.060000	16.896000	2.007563
1.070000	16.896000	2.007563
1.080000	16.896000	1.505672
1.090000	16.896000	1.505672
1.100000	16.896000	2.007563
1.110000	16.896000	2.007563
1.120000	16.896000	2.007563
1.130000	16.896000	2.007563
1.140000	16.896000	2.007563
1.150000	16.896000	1.505672
1.160000	16.896000	1.505672
1.170000	16.896000	1.505672
1.180000	16.896000	1.505672
1.190000	16.896000	1.505672
1.200000	16.896000	1.505672
1.210000	16.896000	1.505672
1.220000	16.896000	1.505672
1.230000	16.896012	1.505672
1.240000	16.896794	2.007563
1.250000	16.904774	2.509454
1.260000	16.929702	4.015126
1.270000	16.978610	6.524580
1.280000	17.057917	10.037816
1.290000	17.174560	15.056724
1.300000	17.333906	21.581304
1.310000	17.535429	29.611557
1.320000	17.773226	38.645592
1.330000	18.039209	48.181517
1.340000	18.325490	58.219333
1.350000	18.624550	68.257149
1.360000	18.929552	78.294965
1.370000	19.233797	87.830890
1.380000	19.530226	96.864924
1.390000	19.811813	104.895177
1.400000	20.071471	111.921648
1.410000	20.302029	117.442447
1.420000	20.496001	121.457573
1.430000	20.647392	124.468918
1.440000	20.755646	126.476481
1.450000	20.826494	126.978372
1.460000	20.868421	126.978372
1.470000	20.889362	125.974590
1.480000	20.896687	124.970809
1.490000	20.897393	123.967027
1.500000	20.896538	122.963246
1.510000	20.896165	121.959464
1.520000	20.896295	121.457573
1.530000	20.896482	120.453792
1.540000	20.895745	119.951901
1.550000	20.888096	118.446229
1.560000	20.864047	116.438665
1.570000	20.816126	113.427321
1.580000	20.738149	109.412194
1.590000	20.623340	103.891395
1.600000	20.465981	97.366815
1.610000	20.266086	89.838453
1.620000	20.029366	81.306309
1.630000	19.764252	71.770384
1.640000	19.478817	62.234459
1.650000	19.180317	51.694752
1.660000	18.875560	41.656936
1.670000	18.569693	32.121011
1.680000	18.264601	22.585086
1.690000	17.959981	13.551052
1.700000	17.655308	5.520799
1.710000	17.350500	0.501891
1.720000	17.045607	-0.501891
1.730000	16.740807	0.000000
1.740000	16.436132	0.501891
1.750000	16.131320	0.501891
1.760000	15.826303	0.501891
1.770000	15.521524	0.501891
1.780000	15.216835	0.000000
1.790000	14.911939	0.501891
1.800000	14.608473	0.501891
1.810000	14.311024	1.003782
1.820000	14.026400	1.003782
1.830000	13.762395	1.003782
1.840000	13.526545	1.505672
1.850000	13.326122	2.007563
1.860000	13.167376	2.007563
1.870000	13.051962	1.505672
1.880000	12.975131	1.505672
1.890000	12.928780	1.003782
1.900000	12.904776	1.003782
1.910000	12.895618	0.501891
1.920000	12.894126	0.501891
1.930000	12.894848	0.501891
1.940000	12.895303	0.501891
1.950000	12.895305	0.501891
1.960000	12.898039	0.501891
1.970000	12.912945	1.003782
1.980000	12.948561	1.505672
1.990000	13.011313	1.505672
2.000000	13.107864	1.505672
2.010000	13.244676	2.007563
2.020000	13.424783	2.007563
2.030000	13.644747	1.505672
2.040000	13.897183	1.003782
2.050000	14.173923	1.003782
2.060000	14.467248	0.501891
2.070000	14.769903	0.501891
2.080000	15.075645	0.501891
2.090000	15.381222	0.000000
2.100000	15.685969	0.000000
2.110000	15.990413	0.501891
2.120000	16.295179	0.501891
2.130000	16.600150	0.000000
2.140000	16.905062	2.007563
2.150000	17.210014	9.535925
2.160000	17.514847	21.079414
2.170000	17.819355	33.626684
2.180000	18.123882	45.170172
2.190000	18.428842	55.709879
2.200000	18.733860	65.747695
2.210000	19.038356	75.283620
2.220000	19.339477	84.819545
2.230000	19.631160	93.351689
2.240000	19.905966	101.381941
2.250000	20.156246	108.408413
2.260000	20.374687	113.929211
2.270000	20.554072	117.944338
2.280000	20.689934	120.453792
2.290000	20.784076	122.461355
2.300000	20.843806	122.963246
2.310000	20.877528	122.963246
2.320000	20.892923	121.959464
2.330000	20.897297	121.457573
2.340000	20.897104	120.453792
2.350000	20.896342	119.450010
2.360000	20.896184	118.948119
2.370000	20.896370	117.944338
2.380000	20.896520	117.442447
2.390000	20.896127	116.940556
2.400000	20.890632	115.434884
2.410000	20.870674	113.929211
2.420000	20.828286	111.419757
2.430000	20.757083	107.404631
2.440000	20.650601	102.385723
2.450000	20.502411	96.363033
2.460000	20.311078	88.834671
2.470000	20.081332	80.804419
2.480000	19.821467	71.770384
2.490000	19.539683	61.732568
2.500000	19.243426	51.694752
2.510000	18.939506	41.656936
2.520000	18.633628	31.619120
2.530000	18.328372	22.585086
2.540000	18.023658	13.551052
2.550000	17.719088	5.520799
2.560000	17.414386	0.501891
2.570000	17.109528	-0.501891
2.580000	16.804687	0.000000
2.590000	16.499965	0.501891
2.600000	16.195247	0.501891
2.610000	15.890419	0.501891
2.620000	15.585576	0.501891
2.630000	15.280782	0.501891
2.640000	14.975781	0.501891
2.650000	14.671699	0.501891
2.660000	14.372492	1.003782
2.670000	14.084566	1.003782
2.680000	13.815600	1.505672
2.690000	13.573290	1.505672
2.700000	13.364954	2.007563
2.710000	13.197165	2.007563
2.720000	13.072841	1.505672
2.730000	12.988517	1.003782
2.740000	12.936511	1.003782
2.750000	12.908448	1.003782
2.760000	12.896728	0.501891
2.770000	12.894118	0.501891
2.780000	12.894668	0.000000
2.790000	12.895256	0.000000
2.800000	12.895566	0.501891
2.810000	12.900589	1.003782
2.820000	12.920462	1.003782
2.830000	12.963029	1.505672
2.840000	13.034600	1.505672
2.850000	13.141916	2.007563
2.860000	13.290946	2.007563
2.870000	13.482885	1.505672
2.880000	13.712820	1.505672
2.890000	13.972855	1.003782
2.900000	14.254958	1.003782
2.910000	14.551486	0.501891
2.920000	14.855493	0.501891
2.930000	15.161377	0.000000
2.940000	15.466872	0.000000
2.950000	15.771486	0.000000
2.960000	16.075926	0.501891
2.970000	16.380753	0.501891
2.980000	16.685646	0.501891
2.990000	16.990567	2.509454
3.000000	17.295456	10.539707
3.010000	17.600262	22.585086
3.020000	17.904793	34.630465
3.030000	18.209489	46.173953
3.040000	18.514435	56.211769
3.050000	18.819192	66.249585
3.060000	19.123170	76.287401
3.070000	19.422480	85.321436
3.080000	19.710323	93.853579
3.090000	19.979021	101.381941
3.100000	20.221083	107.906522
3.110000	20.429237	112.925430
3.120000	20.596581	116.940556
3.130000	20.720270	119.450010
3.140000	20.803965	120.955683
3.150000	20.855582	120.955683
3.160000	20.883410	120.955683
3.170000	20.894969	119.951901
3.180000	20.897478	119.450010
3.190000	20.896853	118.446229
3.200000	20.896235	117.442447
3.210000	20.896223	116.940556
3.220000	20.896425	116.438665
3.230000	20.896343	115.936775
3.240000	20.892512	114.431102
3.250000	20.875958	112.925430
3.260000	20.838340	110.415976
3.270000	20.773079	106.902740
3.280000	20.673851	102.385723
3.290000	20.533884	96.363033
3.300000	20.350528	88.834671
3.310000	20.127502	80.804419
3.320000	19.872719	72.272275
3.330000	19.594483	62.234459
3.340000	19.300411	52.196643
3.350000	18.997404	42.158827
3.360000	18.691568	32.622902
3.370000	18.386100	23.086977
3.380000	18.081346	14.052942
3.390000	17.776850	6.022690
3.400000	17.472177	1.003782
3.410000	17.167310	-0.501891
3.420000	16.862439	0.000000
3.430000	16.557690	0.000000
3.440000	16.252922	0.501891
3.450000	15.947972	0.501891
3.460000	15.643217	0.501891
3.470000	15.338525	0.000000
3.480000	15.033598	0.000000
3.490000	14.729140	0.501891
3.500000	14.428506	0.501891
3.510000	14.137849	1.003782
3.520000	13.864723	1.003782
3.530000	13.616801	1.505672
3.540000	13.401449	1.505672
3.550000	13.225555	2.007563
3.560000	13.093061	2.007563
3.570000	13.001684	1.505672
3.580000	12.944255	1.003782
3.590000	12.912250	1.003782
3.600000	12.897994	1.003782
3.610000	12.894184	0.501891
3.620000	12.894491	0.000000
3.630000	12.895170	0.000000
3.640000	12.895446	0.000000
3.650000	12.899670	0.501891
3.660000	12.917910	1.003782
3.670000	12.958178	1.505672
3.680000	13.026834	1.505672
3.690000	13.130635	2.007563
3.700000	13.275785	2.007563
3.710000	13.464045	1.505672
3.720000	13.690894	1.505672
3.730000	13.948590	1.003782
3.740000	14.229068	1.003782
3.750000	14.524632	0.501891
3.760000	14.828252	0.501891
3.770000	15.134074	0.000000
3.780000	15.439454	0.000000
3.790000	15.744047	0.501891
3.800000	16.048614	0.501891
3.810000	16.353466	0.501891
3.820000	16.658298	0.000000
3.830000	16.963281	2.007563
3.840000	17.268219	9.034034
3.850000	17.572891	20.075632
3.860000	17.877392	32.622902
3.870000	18.182125	43.664499
3.880000	18.487174	54.204206
3.890000	18.792132	64.242022
3.900000	19.096248	74.279838
3.910000	19.396090	83.313873
3.920000	19.685201	91.846016
3.930000	19.955977	99.374378
3.940000	20.200769	105.898959
3.950000	20.412241	111.419757
3.960000	20.583441	115.434884
3.970000	20.710949	117.944338
3.980000	20.797895	119.450010
3.990000	20.852042	119.951901
4.000000	20.881724	119.951901
4.010000	20.894376	118.948119
4.020000	20.897206	118.446229
4.030000	20.896699	117.442447
4.040000	20.896183	116.940556
4.050000	20.896225	115.936775
4.060000	20.896423	115.434884
4.070000	20.895698	114.431102
4.080000	20.888179	113.427321
4.090000	20.864332	111.419757
4.100000	20.816651	108.910303
4.110000	20.738902	104.895177
4.120000	20.624402	99.374378
4.130000	20.467386	92.849798
4.140000	20.267806	85.321436
4.150000	20.031338	77.291183
4.160000	19.766386	67.755258
4.170000	19.481099	57.717442
4.180000	19.182734	47.679626
4.190000	18.878035	37.641810
4.200000	18.572147	28.105885
4.210000	18.267068	19.071850
4.220000	17.962461	10.539707
4.230000	17.657821	3.513236
4.240000	17.353037	0.000000
4.250000	17.048097	-0.501891
4.260000	16.743275	0.000000
4.270000	16.438608	0.501891
4.280000	16.133855	0.501891
4.290000	15.829012	0.501891
4.300000	15.524152	0.501891
4.310000	15.219361	0.501891
4.320000	14.914456	0.501891
4.330000	14.610965	0.501891
4.340000	14.313440	0.501891
4.350000	14.028679	1.003782
4.360000	13.764487	1.003782
4.370000	13.528448	1.505672
4.380000	13.327789	2.007563
4.390000	13.168700	2.007563
4.400000	13.052880	1.505672
4.410000	12.975721	1.505672
4.420000	12.929162	1.003782
4.430000	12.904989	1.003782
4.440000	12.895698	0.501891
4.450000	12.894131	0.000000
4.460000	12.894835	0.501891
4.470000	12.895239	0.501891
4.480000	12.895593	0.501891
4.490000	12.901742	1.003782
4.500000	12.923698	1.003782
4.510000	12.968938	1.505672
4.520000	13.043803	1.505672
4.530000	13.155003	1.505672
4.540000	13.308384	2.007563
4.550000	13.504475	1.505672
4.560000	13.737874	1.505672
4.570000	14.000547	1.003782
4.580000	14.284453	1.003782
4.590000	14.582044	0.501891
4.600000	14.886531	0.501891
4.610000	15.192402	0.000000
4.620000	15.497757	0.000000
4.630000	15.802327	0.000000
4.640000	16.106775	0.000000
4.650000	16.411588	0.501891
4.660000	16.716465	0.501891
4.670000	17.021408	2.509454
4.680000	17.326190	10.539707
4.690000	17.630943	22.083195
4.700000	17.935543	33.626684
4.710000	18.240336	44.668281
4.720000	18.545279	55.207988
4.730000	18.849997	65.245804
4.740000	19.153716	74.781729
4.750000	19.452187	84.317654
4.760000	19.738463	92.849798
4.770000	20.004868	100.378160
4.780000	20.243867	106.400849
4.790000	20.448156	111.419757
4.800000	20.611073	114.932993
4.810000	20.730429	117.442447
4.820000	20.810423	118.948119
4.830000	20.859273	119.450010
4.840000	20.885212	118.948119
4.850000	20.895451	118.446229
4.860000	20.897212	117.442447
4.870000	20.896550	116.940556
4.880000	20.896151	115.936775
4.890000	20.896258	115.434884
4.900000	20.895851	114.431102
4.910000	20.889465	113.427321
4.920000	20.867468	111.419757
4.930000	20.822160	108.910303
4.940000	20.747297	104.895177
4.950000	20.636374	99.374378
4.960000	20.483264	93.351689
4.970000	20.287316	85.823327
4.980000	20.053800	77.291183
4.990000	19.791080	68.257149
5.000000	19.507306	58.219333
5.010000	19.209835	48.181517
5.020000	18.905420	38.143701
5.030000	18.599500	28.607776
5.040000	18.294336	19.573741
5.050000	17.989705	11.041598
5.060000	17.685071	3.513236
5.070000	17.380304	0.000000
5.080000	17.075463	-0.501891
5.090000	16.770648	0.000000
5.100000	16.465912	0.501891
5.110000	16.161191	0.501891
5.120000	15.856372	0.501891
5.130000	15.551548	0.000000
5.140000	15.246749	0.501891
5.150000	14.941803	0.501891
5.160000	14.638002	0.501891
5.170000	14.339643	0.501891
5.180000	14.053417	1.003782
5.190000	13.787042	1.003782
5.200000	13.548135	1.505672
5.210000	13.343994	1.505672
5.220000	13.181060	2.007563
5.230000	13.061536	1.505672
5.240000	12.981238	1.003782
5.250000	12.932279	1.003782
5.260000	12.906414	1.003782
5.270000	12.896087	0.501891
5.280000	12.894100	0.501891
5.290000	12.894761	0.501891
5.300000	12.895199	0.000000
5.310000	12.894931	0.501891
5.320000	12.894861	0.501891
5.330000	12.898760	0.501891
5.340000	12.915886	1.003782
5.350000	12.954333	1.003782
5.360000	13.020526	1.505672
5.370000	13.121263	1.505672
5.380000	13.262988	2.007563
5.390000	13.447999	1.505672
5.400000	13.672172	1.505672
5.410000	13.927868	1.003782
5.420000	14.206873	1.003782
5.430000	14.501551	0.501891
5.440000	14.804905	0.501891
5.450000	15.110242	0.000000
5.460000	15.410728	0.000000
5.470000	15.699258	-0.501891
5.480000	15.968745	-0.501891
5.490000	16.212020	-1.003782
5.500000	16.421711	-1.003782
5.510000	16.590815	-1.505672
5.520000	16.716162	-1.505672
5.530000	16.801213	-1.003782
5.540000	16.853891	-0.501891
5.550000	16.882549	-0.501891
5.560000	16.894573	0.000000
5.570000	16.897173	0.000000
5.580000	16.896653	0.501891
5.590000	16.896176	0.501891
5.600000	16.896237	0.501891
5.610000	16.896445	0.501891
5.620000	16.896543	0.501891
5.630000	16.896536	0.501891
5.640000	16.896505	0.501891
5.650000	16.896492	0.501891
5.660000	16.896495	0.000000
5.670000	16.896500	0.000000
5.680000	16.896501	0.000000
5.690000	16.896501	0.000000
5.700000	16.896500	0.000000
5.710000	16.896500	0.000000
5.720000	16.896500	0.000000
5.730000	16.896500	0.000000
5.740000	16.896500	0.000000
5.750000	16.896500	0.000000
5.760000	16.896500	0.501891
5.770000	16.896500	0.501891
5.780000	16.896500	0.501891
5.790000	16.896500	0.000000
5.800000	16.896500	0.501891
5.810000	16.896500	0.501891
5.820000	16.896500	0.501891
5.830000	16.896500	0.000000
5.840000	16.896500	0.000000
5.850000	16.896500	0.000000
5.860000	16.896500	0.501891
5.870000	16.896500	0.501891
5.880000	16.896500	0.000000
5.890000	16.896402	0.000000
5.900000	16.896160	0.501891
5.910000	16.895994	0.501891
5.920000	16.895960	0.501891
5.930000	16.895984	0.000000
5.940000	16.896004	0.000000
5.950000	16.896007	0.000000
5.960000	16.896002	0.000000
5.970000	16.895999	0.501891
5.980000	16.895999	0.501891
5.990000	16.896000	0.501891
6.000000	16.896000	0.501891
6.010000	16.896000	0.501891
6.020000	16.896000	0.501891
6.030000	16.896000	0.000000
6.040000	16.896000	0.501891
6.050000	16.896000	0.501891
6.060000	16.896000	0.000000
6.070000	16.896000	0.000000
6.080000	16.896000	0.000000
6.090000	16.896000	0.000000
6.100000	16.896000	0.501891
6.110000	16.896000	0.501891
6.120000	16.896000	0.000000
6.130000	16.896000	0.000000
6.140000	16.896000	0.000000
6.150000	16.896000	0.000000
6.160000	16.896000	0.501891
6.170000	16.896000	0.501891
6.180000	16.896000	0.501891
6.190000	16.896000	0.000000
<END DATA>
