0.000000	17.066000	1.505672
0.010000	17.066000	1.505672
0.020000	17.066000	1.505672
0.030000	17.066000	1.505672
0.040000	17.066000	1.505672
0.050000	17.066000	1.505672
0.060000	17.066000	1.505672
0.070000	17.066000	1.505672
0.080000	17.066000	1.505672
0.090000	17.066000	1.505672
0.100000	17.066000	1.505672
0.110000	17.066000	1.505672
0.120000	17.066000	1.505672
0.130000	17.066000	1.505672
0.140000	17.066000	1.505672
0.150000	17.066000	1.505672
0.160000	17.066000	1.505672
0.170000	17.066000	1.505672
0.180000	17.066000	1.505672
0.190000	17.066000	1.505672
0.200000	17.066000	1.505672
0.210000	17.066000	1.505672
0.220000	17.066000	1.505672
0.230000	17.066000	1.505672
0.240000	17.066000	1.505672
0.250000	17.066000	1.505672
0.260000	17.066000	1.505672
0.270000	17.066000	1.505672
0.280000	17.066000	1.505672
0.290000	17.066000	1.505672
0.300000	17.066000	1.505672
0.310000	17.066000	1.505672
0.320000	17.066000	1.505672
0.330000	17.066000	1.505672
0.340000	17.066000	1.505672
0.350000	17.066000	1.505672
0.360000	17.066000	1.505672
0.370000	17.066000	1.505672
0.380000	17.066000	1.505672
0.390000	17.066000	1.505672
0.400000	17.066000	1.505672
0.410000	17.066000	1.505672
0.420000	17.066000	1.505672
0.430000	17.066000	1.505672
0.440000	17.066000	1.505672
0.450000	17.066000	1.505672
0.460000	17.066000	1.505672
0.470000	17.066000	1.505672
0.480000	17.066000	1.505672
0.490000	17.066000	1.505672
0.500000	17.066000	1.505672
0.510000	17.066000	1.505672
0.520000	17.066000	1.505672
0.530000	17.066000	1.505672
0.540000	17.066000	1.505672
0.550000	17.066000	1.505672
0.560000	17.066000	1.505672
0.570000	17.066000	1.505672
0.580000	17.066000	1.505672
0.590000	17.066000	1.505672
0.600000	17.066000	1.505672
0.610000	17.066000	1.505672
0.620000	17.066000	1.505672
0.630000	17.066000	1.505672
0.640000	17.066000	1.505672
0.650000	17.066000	1.505672
0.660000	17.066000	1.505672
0.670000	17.066000	1.505672
0.680000	17.066000	1.505672
0.690000	17.066000	1.505672
0.700000	17.066000	1.505672
0.710000	17.066000	1.505672
0.720000	17.066000	1.505672
0.730000	17.066000	1.505672
0.740000	17.066000	1.505672
0.750000	17.066000	1.505672
0.760000	17.066000	1.505672
0.770000	17.066000	1.505672
0.780000	17.066000	1.505672
0.790000	17.066000	1.505672
0.800000	17.066000	1.505672
0.810000	17.066000	1.505672
0.820000	17.066000	1.505672
0.830000	17.066000	1.505672
0.840000	17.066000	1.505672
0.850000	17.066000	1.505672
0.860000	17.066000	1.505672
0.870000	17.066000	1.505672
0.880000	17.066000	1.505672
0.890000	17.066000	1.505672
0.900000	17.066000	1.505672
0.910000	17.066000	1.505672
0.920000	17.066000	1.505672
0.930000	17.066000	1.505672
0.940000	17.066000	1.505672
0.950000	17.066000	1.505672
0.960000	17.066000	1.505672
0.970000	17.066000	1.505672
0.980000	17.066000	1.505672
0.990000	17.066000	1.505672
1.000000	17.066000	1.505672
1.010000	17.066000	1.505672
1.020000	17.066000	1.505672
1.030000	17.066000	1.505672
1.040000	17.066000	1.505672
1.050000	17.066000	1.505672
1.060000	17.066000	1.505672
1.070000	17.066000	1.505672
1.080000	17.066000	1.505672
1.090000	17.066000	1.505672
1.100000	17.066000	1.505672
1.110000	17.066000	1.505672
1.120000	17.066000	1.505672
1.130000	17.066000	1.505672
1.140000	17.066000	1.505672
1.150000	17.066000	1.505672
1.160000	17.066000	1.505672
1.170000	17.066000	1.505672
1.180000	17.066000	1.505672
1.190000	17.066000	1.505672
1.200000	17.066000	1.505672
1.210000	17.066000	1.505672
1.220000	17.066006	1.505672
1.230000	17.066853	2.007563
1.240000	17.077008	3.011345
1.250000	17.111661	4.517017
1.260000	17.184410	7.528362
1.270000	17.307518	12.547270
1.280000	17.487611	19.071850
1.290000	17.719947	27.102103
1.300000	17.991774	36.136138
1.310000	18.288286	46.173953
1.320000	18.595573	55.709879
1.330000	18.901261	65.245804
1.340000	19.192871	73.777947
1.350000	19.457478	80.804419
1.360000	19.682153	85.823327
1.370000	19.854493	89.838453
1.380000	19.968997	91.846016
1.390000	20.032785	92.347907
1.400000	20.060365	92.347907
1.410000	20.067283	91.344125
1.420000	20.066426	90.842235
1.430000	20.065198	89.838453
1.440000	20.065291	88.834671
1.450000	20.065823	88.332781
1.460000	20.065487	87.328999
1.470000	20.056396	85.823327
1.480000	20.023194	83.313873
1.490000	19.951810	79.800637
1.500000	19.830169	74.279838
1.510000	19.651498	66.751476
1.520000	19.420259	58.219333
1.530000	19.149132	48.683407
1.540000	18.853021	38.645592
1.550000	18.545765	28.607776
1.560000	18.236716	19.573741
1.570000	17.928859	10.539707
1.580000	17.621952	3.513236
1.590000	17.315137	0.000000
1.600000	17.008042	-0.501891
1.610000	16.700815	0.000000
1.620000	16.393739	0.501891
1.630000	16.086620	0.501891
1.640000	15.779447	0.000000
1.650000	15.472718	0.501891
1.660000	15.170748	0.501891
1.670000	14.884038	1.003782
1.680000	14.626241	1.505672
1.690000	14.411291	2.007563
1.700000	14.250859	2.007563
1.710000	14.147148	2.007563
1.720000	14.091057	1.505672
1.730000	14.067983	1.003782
1.740000	14.062945	0.501891
1.750000	14.063972	0.000000
1.760000	14.065140	0.000000
1.770000	14.068452	0.501891
1.780000	14.087299	1.003782
1.790000	14.137667	2.007563
1.800000	14.232582	2.509454
1.810000	14.382288	2.509454
1.820000	14.588085	2.007563
1.830000	14.840811	1.003782
1.840000	15.126047	1.003782
1.850000	15.429136	0.501891
1.860000	15.737977	0.000000
1.870000	16.046432	0.000000
1.880000	16.353643	0.000000
1.890000	16.660452	0.000000
1.900000	16.967520	1.003782
1.910000	17.274726	6.524580
1.920000	17.581827	16.562396
1.930000	17.888870	28.105885
1.940000	18.195908	39.147482
1.950000	18.502990	49.185298
1.960000	18.808456	58.721223
1.970000	19.104664	67.253367
1.980000	19.379119	74.781729
1.990000	19.617782	81.306309
2.000000	19.807407	85.823327
2.010000	19.939434	88.332781
2.020000	20.017584	89.838453
2.030000	20.054812	89.838453
2.040000	20.066840	89.336562
2.050000	20.067547	88.834671
2.060000	20.066193	87.830890
2.070000	20.065843	87.328999
2.080000	20.066181	86.827108
2.090000	20.065147	85.823327
2.100000	20.053094	84.317654
2.110000	20.014885	81.306309
2.120000	19.936725	77.291183
2.130000	19.806780	71.770384
2.140000	19.619675	64.242022
2.150000	19.381494	55.207988
2.160000	19.105635	45.672063
2.170000	18.807060	35.634247
2.180000	18.499144	26.098322
2.190000	18.190235	17.064287
2.200000	17.882620	8.030253
2.210000	17.575761	2.007563
2.220000	17.268870	-0.501891
2.230000	16.961706	-0.501891
2.240000	16.654521	0.000000
2.250000	16.347498	0.501891
2.260000	16.040353	0.501891
2.270000	15.733240	0.000000
2.280000	15.426864	0.501891
2.290000	15.126364	0.501891
2.300000	14.843038	1.505672
2.310000	14.590798	2.007563
2.320000	14.383455	2.509454
2.330000	14.231770	2.509454
2.340000	14.136027	2.007563
2.350000	14.085896	1.505672
2.360000	14.066464	1.003782
2.370000	14.062971	0.501891
2.380000	14.064216	0.501891
2.390000	14.065097	0.000000
2.400000	14.065642	0.501891
2.410000	14.073728	1.003782
2.420000	14.104841	1.505672
2.430000	14.173450	2.007563
2.440000	14.291507	2.007563
2.450000	14.466368	2.007563
2.460000	14.694470	2.007563
2.470000	14.963459	1.505672
2.480000	15.258304	0.501891
2.490000	15.565061	0.501891
2.500000	15.874114	0.000000
2.510000	16.181992	0.000000
2.520000	16.488896	0.000000
2.530000	16.795792	0.000000
2.540000	17.103011	2.007563
2.550000	17.410089	9.535925
2.560000	17.717038	20.075632
2.570000	18.024045	32.121011
2.580000	18.331225	42.660718
2.590000	18.638173	52.196643
2.600000	18.940834	61.230677
2.610000	19.229050	69.762821
2.620000	19.489352	76.789292
2.630000	19.707999	82.310091
2.640000	19.872662	85.823327
2.650000	19.979843	88.332781
2.660000	20.038115	89.336562
2.670000	20.062436	88.834671
2.680000	20.068083	88.332781
2.690000	20.067157	87.830890
2.700000	20.066009	86.827108
2.710000	20.065966	86.325217
2.720000	20.066297	85.321436
2.730000	20.064348	84.819545
2.740000	20.049180	82.811982
2.750000	20.005736	80.302528
2.760000	19.920552	75.785511
2.770000	19.782153	69.762821
2.780000	19.586723	61.732568
2.790000	19.341916	52.698534
2.800000	19.061698	43.162609
2.810000	18.760956	33.626684
2.820000	18.452566	24.090758
2.830000	18.143805	14.554833
2.840000	17.836354	6.524580
2.850000	17.529575	1.003782
2.860000	17.222682	-0.501891
2.870000	16.915504	-0.501891
2.880000	16.608304	0.000000
2.890000	16.301265	0.000000
2.900000	15.994148	0.000000
2.910000	15.687075	0.000000
2.920000	15.381025	0.501891
2.930000	15.082277	1.003782
2.940000	14.802756	1.505672
2.950000	14.556425	2.007563
2.960000	14.356902	2.509454
2.970000	14.213944	2.509454
2.980000	14.125923	2.007563
2.990000	14.081363	1.003782
3.000000	14.065233	0.501891
3.010000	14.063044	0.501891
3.020000	14.064424	0.000000
3.030000	14.065420	0.000000
3.040000	14.070538	1.003782
3.050000	14.094637	1.505672
3.060000	14.153009	2.007563
3.070000	14.258171	2.007563
3.080000	14.419317	2.007563
3.090000	14.635569	2.007563
3.100000	14.896117	1.505672
3.110000	15.186104	1.003782
3.120000	15.491128	0.501891
3.130000	15.800156	0.000000
3.140000	16.108316	0.000000
3.150000	16.415327	0.000000
3.160000	16.722092	0.501891
3.170000	17.029167	1.505672
3.180000	17.336397	6.524580
3.190000	17.643494	16.562396
3.200000	17.950550	28.105885
3.210000	18.257683	39.147482
3.220000	18.564776	49.185298
3.230000	18.869148	58.721223
3.240000	19.162022	67.253367
3.250000	19.430357	74.279838
3.260000	19.660160	80.302528
3.270000	19.838579	84.819545
3.280000	19.959083	87.328999
3.290000	20.027785	88.332781
3.300000	20.058681	88.332781
3.310000	20.067435	87.830890
3.320000	20.067174	87.328999
3.330000	20.065941	86.325217
3.340000	20.065853	85.823327
3.350000	20.066288	84.819545
3.360000	20.066402	84.317654
3.370000	20.062351	83.313873
3.380000	20.041193	81.808200
3.390000	19.988104	78.294965
3.400000	19.890005	73.777947
3.410000	19.736645	67.253367
3.420000	19.527251	59.223114
3.430000	19.271771	50.189080
3.440000	18.984831	40.151264
3.450000	18.681036	30.113448
3.460000	18.372145	21.079414
3.470000	18.063666	12.045379
3.480000	17.756424	4.517017
3.490000	17.449612	0.000000
3.500000	17.142635	-0.501891
3.510000	16.835476	0.000000
3.520000	16.528403	0.000000
3.530000	16.221335	0.501891
3.540000	15.914146	0.000000
3.550000	15.607072	0.000000
3.560000	15.302055	0.501891
3.570000	15.007085	1.003782
3.580000	14.734866	1.505672
3.590000	14.499449	2.007563
3.600000	14.314045	2.509454
3.610000	14.186040	2.007563
3.620000	14.110712	1.505672
3.630000	14.075043	1.003782
3.640000	14.063838	0.501891
3.650000	14.063329	0.000000
3.660000	14.064734	0.000000
3.670000	14.065844	0.501891
3.680000	14.074169	1.003782
3.690000	14.105542	1.505672
3.700000	14.174489	2.007563
3.710000	14.293094	2.007563
3.720000	14.468603	2.007563
3.730000	14.697191	1.505672
3.740000	14.966525	1.003782
3.750000	15.261562	0.501891
3.760000	15.568406	0.000000
3.770000	15.877459	0.000000
3.780000	16.185274	0.000000
3.790000	16.492132	0.000000
3.800000	16.798974	0.000000
3.810000	17.106110	2.007563
3.820000	17.413295	8.532144
3.830000	17.720378	19.071850
3.840000	18.027445	30.615339
3.850000	18.334541	41.155046
3.860000	18.641317	51.192861
3.870000	18.943936	60.226896
3.880000	19.232072	68.257149
3.890000	19.492048	75.785511
3.900000	19.710119	81.306309
3.910000	19.874159	84.819545
3.920000	19.980703	87.328999
3.930000	20.038439	87.830890
3.940000	20.062460	87.830890
3.950000	20.068076	87.328999
3.960000	20.067172	86.827108
3.970000	20.066026	85.823327
3.980000	20.065972	85.321436
3.990000	20.066019	84.317654
4.000000	20.060234	83.313873
4.010000	20.034414	81.306309
4.020000	19.974104	77.793074
4.030000	19.866552	72.774166
4.040000	19.702781	65.747695
4.050000	19.484179	57.215551
4.060000	19.221942	48.181517
4.070000	18.930957	38.143701
4.080000	18.625479	28.105885
4.090000	18.316371	19.071850
4.100000	18.008153	10.539707
4.110000	17.701090	3.011345
4.120000	17.394310	-0.501891
4.130000	17.087272	-0.501891
4.140000	16.780090	0.000000
4.150000	16.473025	0.501891
4.160000	16.165898	0.501891
4.170000	15.858719	0.000000
4.180000	15.551740	0.000000
4.190000	15.247780	0.501891
4.200000	14.955888	1.003782
4.210000	14.689268	2.007563
4.220000	14.461950	2.007563
4.230000	14.286664	2.007563
4.240000	14.168847	2.007563
4.250000	14.101756	1.505672
4.260000	14.071626	1.003782
4.270000	14.063294	0.501891
4.280000	14.063597	0.000000
4.290000	14.064887	0.000000
4.300000	14.065106	0.000000
4.310000	14.065681	0.501891
4.320000	14.075384	1.003782
4.330000	14.109559	1.505672
4.340000	14.182211	2.007563
4.350000	14.305208	2.509454
4.360000	14.485156	2.007563
4.370000	14.717521	1.505672
4.380000	14.989459	1.003782
4.390000	15.285973	0.501891
4.400000	15.593063	0.000000
4.410000	15.898569	0.000000
4.420000	16.190365	-0.501891
4.430000	16.455366	-1.003782
4.440000	16.680431	-1.505672
4.450000	16.853136	-2.007563
4.460000	16.968000	-1.505672
4.470000	17.032239	-1.003782
4.480000	17.060331	-0.501891
4.490000	17.067457	0.000000
4.500000	17.066530	0.000000
4.510000	17.065051	0.501891
4.520000	17.064871	0.501891
4.530000	17.065285	0.501891
4.540000	17.065689	0.000000
4.550000	17.065959	0.000000
4.560000	17.066042	0.000000
4.570000	17.066025	0.000000
4.580000	17.065998	0.501891
4.590000	17.065991	0.000000
4.600000	17.065996	0.000000
4.610000	17.066000	0.000000
4.620000	17.066001	0.000000
4.630000	17.066001	0.000000
4.640000	17.066054	0.000000
4.650000	17.066282	0.000000
4.660000	17.066479	0.000000
4.670000	17.066540	0.000000
4.680000	17.066523	0.000000
4.690000	17.066499	0.000000
4.700000	17.066493	0.000000
4.710000	17.066497	0.000000
4.720000	17.066500	0.000000
4.730000	17.066501	0.000000
4.740000	17.066500	0.000000
4.750000	17.066500	0.000000
4.760000	17.066500	0.000000
4.770000	17.066500	0.000000
4.780000	17.066500	0.000000
4.790000	17.066500	0.000000
4.800000	17.066500	0.000000
4.810000	17.066500	0.000000
4.820000	17.066500	0.000000
4.830000	17.066500	0.000000
4.840000	17.066500	0.000000
4.850000	17.066500	0.000000
4.860000	17.066500	0.000000
4.870000	17.066500	0.000000
4.880000	17.066488	0.000000
4.890000	17.066312	0.000000
4.900000	17.066079	0.000000
4.910000	17.065968	0.000000
4.920000	17.065967	0.501891
4.930000	17.065994	0.000000
4.940000	17.066007	0.000000
4.950000	17.066005	0.000000
4.960000	17.066001	0.000000
4.970000	17.065999	0.000000
4.980000	17.065999	0.000000
4.990000	17.066000	0.000000