<Mach-1 File>
<INFO>
Date:	Tue, Apr 07, 2026
Time:	16:07:43.629
Mach-1 Motion Software Version:	4.5.0.1
Mach-1 System S/N:	MA0561195
Mach-1 System Model:	V500c
Load Cell Name:	100N-SN195168
Load Cell Type:	Single-axis
Load Cell Calibration Factor:	1.003782
Load Cell Offset:	31.000000
Load Cell Calibration Date:	2025-08-20
Load Cell Low-pass filter:	Yes
Load Cell Low-pass filter Order:	3
Load Cell Low-pass filter Cutoff frequency (Hz):	20.00
<END INFO>
<Find Contact>
Stage Axis:	Position (z)
Load Cell Axis:	Fz
Direction:	Positive
Contact Criteria, gf:	1.000000
Stage Velocity, mm/s:	0.2000
Stage Limit, mm:	10.0000
Stage Repositioning:	None
Offset, mm:	0.0000
<DATA>
Time, s	Position (z), mm	Fz, gf
0.000000	16.922000	0.000000
0.010000	16.922000	0.000000
0.020000	16.922000	0.000000
0.030000	16.922000	0.000000
0.040000	16.922000	0.000000
0.050000	16.922000	0.000000
0.060000	16.922000	0.000000
0.070000	16.922000	0.000000
0.080000	16.922000	0.000000
0.090000	16.922000	0.000000
0.100000	16.922000	0.000000
0.110000	16.922000	0.000000
0.120000	16.922000	0.000000
0.130000	16.922000	0.000000
0.140000	16.922000	0.000000
0.150000	16.922000	0.000000
0.160000	16.922000	0.000000
0.170000	16.922000	0.000000
0.180000	16.922000	0.000000
0.190000	16.922000	0.000000
0.200000	16.922000	0.000000
0.210000	16.922000	0.000000
0.220000	16.922001	0.000000
0.230000	16.922090	0.000000
0.240000	16.922338	0.000000
0.250000	16.922879	0.000000
0.260000	16.924439	0.000000
0.270000	16.926940	0.000000
0.280000	16.929611	0.000000
0.290000	16.932068	0.000000
0.300000	16.934308	0.000000
0.310000	16.936422	0.000000
0.320000	16.938507	0.000000
0.330000	16.940642	0.000000
0.340000	16.942829	0.000000
0.350000	16.945031	0.000000
0.360000	16.947175	0.000000
0.370000	16.949258	0.000000
0.380000	16.951320	0.000000
0.390000	16.953355	0.000000
0.400000	16.955359	0.000000
0.410000	16.957348	0.000000
0.420000	16.959364	0.000000
0.430000	16.961398	0.000000
0.440000	16.963413	0.000000
0.450000	16.965427	0.000000
0.460000	16.967441	0.000000
0.470000	16.969465	0.000000
0.480000	16.971511	0.000000
0.490000	16.973580	0.000000
0.500000	16.975636	0.000000
0.510000	16.977724	0.000000
0.520000	16.979797	0.000000
0.530000	16.981678	0.000000
0.540000	16.983468	0.000000
0.550000	16.985355	0.000000
0.560000	16.987329	0.000000
0.570000	16.989339	0.000000
0.580000	16.991359	0.000000
0.590000	16.993369	0.000000
0.600000	16.995335	0.000000
0.610000	16.997331	0.000000
0.620000	16.999338	0.000000
0.630000	17.001345	0.000000
0.640000	17.003308	0.000000
0.650000	17.005237	0.000000
0.660000	17.007206	0.000000
0.670000	17.009206	0.000000
0.680000	17.011259	0.000000
0.690000	17.013344	0.000000
0.700000	17.015366	0.000000
0.710000	17.017346	0.000000
0.720000	17.019451	0.000000
0.730000	17.021730	0.000000
0.740000	17.023996	0.000000
0.750000	17.026066	0.000000
0.760000	17.027989	0.000000
0.770000	17.029746	0.000000
0.780000	17.031493	0.000000
0.790000	17.033395	0.000000
0.800000	17.035483	0.000000
0.810000	17.037793	0.000000
0.820000	17.040102	0.000000
0.830000	17.042195	0.000000
0.840000	17.044167	0.000000
0.850000	17.046134	0.000000
0.860000	17.048095	0.000000
0.870000	17.050041	0.000000
0.880000	17.052022	0.000000
0.890000	17.054054	0.000000
0.900000	17.056042	0.000000
0.910000	17.057820	0.000000
0.920000	17.059513	0.000000
0.930000	17.061430	0.000000
0.940000	17.063462	0.000000
0.950000	17.065478	0.000000
0.960000	17.067511	0.000000
0.970000	17.069462	0.000000
0.980000	17.071361	0.000000
0.990000	17.073318	0.000000
1.000000	17.075324	0.000000
1.010000	17.077346	0.000000
1.020000	17.079384	0.000000
1.030000	17.081436	0.000000
1.040000	17.083550	0.000000
1.050000	17.085750	0.000000
1.060000	17.087988	0.000000
1.070000	17.090034	0.000000
1.080000	17.091686	0.000000
1.090000	17.093345	0.000000
1.100000	17.095304	0.000000
1.110000	17.097396	0.000000
1.120000	17.099466	0.000000
1.130000	17.101478	0.000000
1.140000	17.103456	0.000000
1.150000	17.105448	0.000000
1.160000	17.107478	0.000000
1.170000	17.109538	0.000000
1.180000	17.111724	0.000000
1.190000	17.114006	0.000000
1.200000	17.116123	0.000000
1.210000	17.118139	0.000000
1.220000	17.120106	0.501891
1.230000	17.122017	0.501891
1.240000	17.123877	0.501891
1.250000	17.125643	0.000000
1.260000	17.127481	0.000000
1.270000	17.129447	0.501891
1.280000	17.131441	0.501891
1.290000	17.133455	0.000000
1.300000	17.135472	0.000000
1.310000	17.137555	0.501891
1.320000	17.139800	0.501891
1.330000	17.142036	0.501891
1.340000	17.143933	0.501891
1.350000	17.145604	0.501891
1.360000	17.147468	0.501891
1.370000	17.149494	0.501891
1.380000	17.151507	0.501891
1.390000	17.153628	0.501891
1.400000	17.155941	0.501891
1.410000	17.158200	0.501891
1.420000	17.160258	0.501891
1.430000	17.162172	0.501891
1.440000	17.163928	0.501891
1.450000	17.165551	0.501891
1.460000	17.167343	0.501891
1.470000	17.169349	0.501891
1.480000	17.171409	0.501891
1.490000	17.173439	0.501891
1.500000	17.175447	0.501891
1.510000	17.177447	0.501891
1.520000	17.179428	0.501891
1.530000	17.181430	0.501891
1.540000	17.183454	1.003782
1.550000	17.185491	1.003782
1.560000	17.187610	1.003782
1.570000	17.189822	1.003782
1.580000	17.192012	1.003782
1.590000	17.194127	1.003782
1.600000	17.196119	1.003782
1.610000	17.198024	1.003782
1.620000	17.199914	1.003782
1.630000	17.201791	1.003782
1.640000	17.203185	1.003782
1.650000	17.203691	1.003782
1.660000	17.203644	1.003782
1.670000	17.203506	1.003782
1.680000	17.203459	0.501891
1.690000	17.203477	0.501891
<END DATA>
<INFO>
Date:	Tue, Apr 07, 2026
Time:	16:07:45.329
Mach-1 Motion Software Version:	4.5.0.1
Mach-1 System S/N:	MA0561195
Mach-1 System Model:	V500c
Load Cell Name:	100N-SN195168
Load Cell Type:	Single-axis
Load Cell Calibration Factor:	1.003782
Load Cell Offset:	31.000000
Load Cell Calibration Date:	2025-08-20
Load Cell Low-pass filter:	Yes
Load Cell Low-pass filter Order:	3
Load Cell Low-pass filter Cutoff frequency (Hz):	20.00
<END INFO>
<Sinusoid>
Stage Axis:	Position (z)
Amplitude, mm:	3.0000
Frequency, Hz:	1.66700
Number of Cycles:	5
<DATA>
Time, s	Position (z), mm	Fz, gf
0.000000	17.203500	1.003782
0.010000	17.203507	1.003782
0.020000	17.203503	0.501891
0.030000	17.203500	0.501891
0.040000	17.203499	0.501891
0.050000	17.203500	1.003782
0.060000	17.203500	1.003782
0.070000	17.203500	1.003782
0.080000	17.203500	1.003782
0.090000	17.203500	1.003782
0.100000	17.203500	1.003782
0.110000	17.203500	1.003782
0.120000	17.203500	1.003782
0.130000	17.203500	1.003782
0.140000	17.203500	1.003782
0.150000	17.203500	1.003782
0.160000	17.203500	1.003782
0.170000	17.203500	1.003782
0.180000	17.203500	1.003782
0.190000	17.203500	1.003782
0.200000	17.203500	1.003782
0.210000	17.203500	1.003782
0.220000	17.203500	1.003782
0.230000	17.203500	1.003782
0.240000	17.203500	1.003782
0.250000	17.203500	1.003782
0.260000	17.203500	1.003782
0.270000	17.203500	1.003782
0.280000	17.203500	1.003782
0.290000	17.203500	1.003782
0.300000	17.203500	1.003782
0.310000	17.203500	1.003782
0.320000	17.203500	1.003782
0.330000	17.203500	1.003782
0.340000	17.203500	1.003782
0.350000	17.203500	1.003782
0.360000	17.203500	1.003782
0.370000	17.203500	0.501891
0.380000	17.203398	0.501891
0.390000	17.203156	0.501891
0.400000	17.202993	1.003782
0.410000	17.202960	1.003782
0.420000	17.202985	1.003782
0.430000	17.203004	1.003782
0.440000	17.203007	1.003782
0.450000	17.203002	1.003782
0.460000	17.202999	1.003782
0.470000	17.202999	1.003782
0.480000	17.203000	1.003782
0.490000	17.203000	1.003782
0.500000	17.203000	1.003782
0.510000	17.203000	1.003782
0.520000	17.203000	1.003782
0.530000	17.203000	1.003782
0.540000	17.203000	1.003782
0.550000	17.203000	1.003782
0.560000	17.203000	1.003782
0.570000	17.203000	1.003782
0.580000	17.203000	1.003782
0.590000	17.203000	1.003782
0.600000	17.203000	1.003782
0.610000	17.203000	1.003782
0.620000	17.203000	1.003782
0.630000	17.203000	1.003782
0.640000	17.203000	1.003782
0.650000	17.203000	1.003782
0.660000	17.203000	1.003782
0.670000	17.203000	1.003782
0.680000	17.203000	1.003782
0.690000	17.203000	1.003782
0.700000	17.203000	1.003782
0.710000	17.203000	1.003782
0.720000	17.203000	1.003782
0.730000	17.203000	1.003782
0.740000	17.203000	1.003782
0.750000	17.203000	1.003782
0.760000	17.203000	1.003782
0.770000	17.203000	0.501891
0.780000	17.203000	1.003782
0.790000	17.203000	1.003782
0.800000	17.203000	1.003782
0.810000	17.203000	1.003782
0.820000	17.203000	1.003782
0.830000	17.203000	1.003782
0.840000	17.203000	1.003782
0.850000	17.203000	0.501891
0.860000	17.203000	0.501891
0.870000	17.203000	0.501891
0.880000	17.203000	0.501891
0.890000	17.203000	0.501891
0.900000	17.203000	0.501891
0.910000	17.203000	1.003782
0.920000	17.203000	1.003782
0.930000	17.203000	1.003782
0.940000	17.203000	0.501891
0.950000	17.203000	0.501891
0.960000	17.203000	0.501891
0.970000	17.203000	0.501891
0.980000	17.203000	0.501891
0.990000	17.203000	1.003782
1.000000	17.203000	1.003782
1.010000	17.203000	1.003782
1.020000	17.203000	1.003782
1.030000	17.203000	1.003782
1.040000	17.203000	1.003782
1.050000	17.203000	1.003782
1.060000	17.203000	1.003782
1.070000	17.203000	0.501891
1.080000	17.203000	1.003782
1.090000	17.203000	1.003782
1.100000	17.203000	1.003782
1.110000	17.203000	1.003782
1.120000	17.203000	1.003782
1.130000	17.203000	1.003782
1.140000	17.203000	1.003782
1.150000	17.203000	1.003782
1.160000	17.203000	1.003782
1.170000	17.203026	1.003782
1.180000	17.204703	1.003782
1.190000	17.218390	2.007563
1.200000	17.259348	3.513236
1.210000	17.341222	5.018908
1.220000	17.475408	6.524580
1.230000	17.666514	9.034034
1.240000	17.907977	11.543488
1.250000	18.186038	14.554833
1.260000	18.485713	17.064287
1.270000	18.793529	20.075632
1.280000	19.097465	23.086977
1.290000	19.384802	25.094540
1.300000	19.642467	27.102103
1.310000	19.857598	29.109666
1.320000	20.018375	30.113448
1.330000	20.121812	30.615339
1.340000	20.177607	31.117230
1.350000	20.200423	31.619120
1.360000	20.205090	31.619120
1.370000	20.203749	31.619120
1.380000	20.202742	31.619120
1.390000	20.202932	31.117230
1.400000	20.203387	30.615339
1.410000	20.202730	30.615339
1.420000	20.193067	29.611557
1.430000	20.159262	28.607776
1.440000	20.087252	27.102103
1.450000	19.965201	25.094540
1.460000	19.786377	22.585086
1.470000	19.554901	20.075632
1.480000	19.283461	17.064287
1.490000	18.987135	14.052942
1.500000	18.679846	11.041598
1.510000	18.370851	8.030253
1.520000	18.063059	4.517017
1.530000	17.756155	1.505672
1.540000	17.449284	0.000000
1.550000	17.142146	-0.501891
1.560000	16.834947	0.000000
1.570000	16.527835	0.000000
1.580000	16.220765	0.000000
1.590000	15.913500	0.000000
1.600000	15.606876	0.000000
1.610000	15.305078	0.501891
1.620000	15.018507	1.003782
1.630000	14.760934	1.505672
1.640000	14.546305	2.007563
1.650000	14.386282	2.007563
1.660000	14.283300	1.505672
1.670000	14.227785	1.003782
1.680000	14.204954	0.501891
1.690000	14.200106	0.000000
1.700000	14.201356	0.000000
1.710000	14.202699	0.000000
1.720000	14.207779	0.501891
1.730000	14.231871	1.505672
1.740000	14.290665	1.505672
1.750000	14.396910	2.007563
1.760000	14.559123	2.007563
1.770000	14.776274	1.505672
1.780000	15.037531	1.003782
1.790000	15.327971	0.501891
1.800000	15.633183	0.000000
1.810000	15.942297	0.000000
1.820000	16.250448	0.000000
1.830000	16.557425	0.000000
1.840000	16.864249	0.000000
1.850000	17.171356	1.003782
1.860000	17.478571	3.513236
1.870000	17.785738	7.528362
1.880000	18.092879	11.543488
1.890000	18.400063	15.056724
1.900000	18.707115	18.569960
1.910000	19.011227	21.079414
1.920000	19.303683	23.588868
1.930000	19.571404	25.596431
1.940000	19.800485	27.603994
1.950000	19.977907	28.607776
1.960000	20.097332	29.611557
1.970000	20.165479	30.615339
1.980000	20.196287	31.117230
1.990000	20.204814	31.117230
2.000000	20.204390	31.117230
2.010000	20.203045	31.117230
2.020000	20.202873	30.615339
2.030000	20.203247	30.615339
2.040000	20.202105	29.611557
2.050000	20.189804	29.109666
2.060000	20.151079	27.603994
2.070000	20.072305	26.098322
2.080000	19.941879	24.090758
2.090000	19.754488	21.581304
2.100000	19.516033	19.071850
2.110000	19.239910	16.562396
2.120000	18.941096	13.049161
2.130000	18.633102	10.037816
2.140000	18.324275	7.026471
2.150000	18.016727	3.513236
2.160000	17.709962	1.003782
2.170000	17.403163	0.000000
2.180000	17.096023	0.000000
2.190000	16.788821	0.000000
2.200000	16.481702	0.000000
2.210000	16.174518	0.000000
2.220000	15.867301	0.000000
2.230000	15.561024	0.000000
2.240000	15.260751	0.501891
2.250000	14.977619	1.003782
2.260000	14.725691	1.505672
2.270000	14.518691	2.007563
2.280000	14.367398	2.007563
2.290000	14.272373	1.505672
2.300000	14.222728	1.003782
2.310000	14.203471	0.501891
2.320000	14.200138	0.000000
2.330000	14.201601	0.000000
2.340000	14.202931	0.000000
2.350000	14.209655	0.501891
2.360000	14.237439	1.505672
2.370000	14.301733	1.505672
2.380000	14.414912	2.007563
2.390000	14.584564	2.007563
2.400000	14.808204	1.505672
2.410000	15.074063	1.003782
2.420000	15.367201	0.501891
2.430000	15.673435	0.000000
2.440000	15.982576	0.000000
2.450000	16.290570	0.000000
2.460000	16.597461	0.000000
2.470000	16.904301	0.000000
2.480000	17.211412	0.501891
2.490000	17.518606	3.513236
2.500000	17.825747	7.528362
2.510000	18.132838	11.543488
2.520000	18.440137	15.056724
2.530000	18.747098	18.569960
2.540000	19.050325	21.079414
2.550000	19.340346	23.588868
2.560000	19.603768	25.596431
2.570000	19.826695	27.102103
2.580000	19.996641	28.607776
2.590000	20.108818	29.611557
2.600000	20.171297	30.113448
2.610000	20.198358	30.615339
2.620000	20.205034	31.117230
2.630000	20.204218	31.117230
2.640000	20.202990	30.615339
2.650000	20.202921	30.113448
2.660000	20.203324	30.113448
2.670000	20.203566	30.113448
2.680000	20.203304	29.611557
2.690000	20.198207	29.109666
2.700000	20.174713	28.105885
2.710000	20.117912	26.600212
2.720000	20.015125	25.094540
2.730000	19.856815	22.585086
2.740000	19.643054	20.075632
2.750000	19.384277	17.064287
2.760000	19.095198	14.554833
2.770000	18.790507	11.041598
2.780000	18.481501	8.030253
2.790000	18.173268	5.018908
2.800000	17.866221	2.007563
2.810000	17.559487	0.000000
2.820000	17.252502	-0.501891
2.830000	16.945291	-0.501891
2.840000	16.638139	0.000000
2.850000	16.331105	0.000000
2.860000	16.023880	0.000000
2.870000	15.716909	0.000000
2.880000	15.412495	0.000000
2.890000	15.118920	0.501891
2.900000	14.849289	1.505672
2.910000	14.617687	2.007563
2.920000	14.437125	2.007563
2.930000	14.314229	2.007563
2.940000	14.243264	1.505672
2.950000	14.210456	0.501891
2.960000	14.200708	0.501891
2.970000	14.200751	0.000000
2.980000	14.202261	0.000000
2.990000	14.202974	0.000000
3.000000	14.209570	0.501891
3.010000	14.237488	1.505672
3.020000	14.301850	2.007563
3.030000	14.415007	2.007563
3.040000	14.584666	2.007563
3.050000	14.808341	1.505672
3.060000	15.074216	1.003782
3.070000	15.367338	0.501891
3.080000	15.673565	0.000000
3.090000	15.982703	0.000000
3.100000	16.290725	0.000000
3.110000	16.597624	0.000000
3.120000	16.904420	0.000000
3.130000	17.211491	0.501891
3.140000	17.518630	3.011345
3.150000	17.825756	7.026471
3.160000	18.132894	11.041598
3.170000	18.440237	15.056724
3.180000	18.747160	18.068069
3.190000	19.050380	21.079414
3.200000	19.340421	23.588868
3.210000	19.603876	25.596431
3.220000	19.826874	27.102103
3.230000	19.996843	28.105885
3.240000	20.108891	29.611557
3.250000	20.171283	30.113448
3.260000	20.198352	30.615339
3.270000	20.205084	30.615339
3.280000	20.204284	30.615339
3.290000	20.203020	30.615339
3.300000	20.202921	30.113448
3.310000	20.203313	30.113448
3.320000	20.203108	29.611557
3.330000	20.196224	28.607776
3.340000	20.168293	27.603994
3.350000	20.104940	26.098322
3.360000	19.993754	24.592649
3.370000	19.826176	22.083195
3.380000	19.604249	19.573741
3.390000	19.339575	16.562396
3.400000	19.047039	13.551052
3.410000	18.741036	10.539707
3.420000	18.431984	7.528362
3.430000	18.123948	4.015126
3.440000	17.817023	1.505672
3.450000	17.510282	0.000000
3.460000	17.203283	-0.501891
3.470000	16.896069	0.000000
3.480000	16.588867	0.000000
3.490000	16.281795	0.000000
3.500000	15.974488	0.000000
3.510000	15.667648	0.000000
3.520000	15.364306	0.501891
3.530000	15.073664	1.003782
3.540000	14.809196	1.505672
3.550000	14.584977	2.007563
3.560000	14.413515	2.007563
3.570000	14.299623	1.505672
3.580000	14.235835	1.003782
3.590000	14.207804	0.501891
3.600000	14.200406	0.501891
3.610000	14.201034	0.000000
3.620000	14.202400	0.000000
3.630000	14.203958	0.000000
3.640000	14.216367	1.003782
3.650000	14.255710	1.505672
3.660000	14.336422	2.007563
3.670000	14.469538	2.007563
3.680000	14.659536	2.007563
3.690000	14.900079	1.003782
3.700000	15.177471	0.501891
3.710000	15.476845	0.501891
3.720000	15.785019	0.000000
3.730000	16.093936	0.000000
3.740000	16.401483	0.000000
3.750000	16.708228	0.000000
3.760000	17.015100	0.000000
3.770000	17.322228	1.505672
3.780000	17.629365	4.517017
3.790000	17.936520	8.532144
3.800000	18.243690	12.547270
3.810000	18.551014	16.060506
3.820000	18.857286	19.071850
3.830000	19.157121	21.581304
3.840000	19.439193	24.090758
3.850000	19.689608	26.098322
3.860000	19.894713	27.603994
3.870000	20.043611	28.607776
3.880000	20.136380	29.611557
3.890000	20.184332	30.113448
3.900000	20.202356	30.615339
3.910000	20.205129	30.615339
3.920000	20.203697	30.113448
3.930000	20.202867	30.113448
3.940000	20.203043	30.113448
3.950000	20.202605	29.611557
3.960000	20.193398	28.607776
3.970000	20.160388	27.603994
3.980000	20.089709	26.098322
3.990000	19.969341	24.090758
4.000000	19.792060	21.581304
4.010000	19.561812	19.071850
4.020000	19.291293	16.060506
4.030000	18.995496	13.049161
4.040000	18.688364	10.037816
4.050000	18.379354	6.524580
4.060000	18.071611	3.513236
4.070000	17.764803	1.003782
4.080000	17.458035	-0.501891
4.090000	17.150952	-0.501891
4.100000	16.843726	0.000000
4.110000	16.536560	0.000000
4.120000	16.229442	0.000000
4.130000	15.922200	0.000000
4.140000	15.615592	0.000000
4.150000	15.313630	0.501891
4.160000	15.026401	1.003782
4.170000	14.767780	1.505672
4.180000	14.551763	2.007563
4.190000	14.390105	2.007563
4.200000	14.285553	1.505672
4.210000	14.228906	1.003782
4.220000	14.205443	0.501891
4.230000	14.200233	0.000000
4.240000	14.201339	0.000000
4.250000	14.202515	-0.501891
4.260000	14.202540	0.000000
4.270000	14.202215	0.000000
4.280000	14.205252	0.501891
4.290000	14.224533	1.003782
4.300000	14.275180	1.505672
4.310000	14.370601	2.007563
4.320000	14.520737	2.007563
4.330000	14.727014	2.007563
4.340000	14.980255	1.003782
4.350000	15.265854	0.501891
4.360000	15.569064	0.000000
4.370000	15.876927	-0.501891
4.380000	16.177474	-1.003782
4.390000	16.458062	-1.003782
4.400000	16.705546	-1.505672
4.410000	16.906884	-2.007563
4.420000	17.051743	-2.007563
4.430000	17.141035	-1.505672
4.440000	17.186290	-1.003782
4.450000	17.202764	-0.501891
4.460000	17.205082	0.000000
4.470000	17.203652	0.000000
4.480000	17.202886	0.000000
4.490000	17.203084	0.000000
4.500000	17.203450	0.000000
4.510000	17.203588	0.000000
4.520000	17.203556	0.000000
4.530000	17.203502	0.000000
4.540000	17.203485	0.000000
4.550000	17.203492	0.000000
4.560000	17.203500	0.000000
4.570000	17.203502	0.000000
4.580000	17.203501	0.000000
4.590000	17.203500	0.000000
4.600000	17.203500	0.000000
4.610000	17.203500	0.000000
4.620000	17.203500	0.000000
4.630000	17.203500	-0.501891
4.640000	17.203500	0.000000
4.650000	17.203500	0.000000
4.660000	17.203500	0.000000
4.670000	17.203500	0.000000
4.680000	17.203500	0.000000
4.690000	17.203500	0.000000
4.700000	17.203500	0.000000
4.710000	17.203500	0.000000
4.720000	17.203500	0.000000
4.730000	17.203500	0.000000
4.740000	17.203500	0.000000
4.750000	17.203404	0.000000
4.760000	17.203163	0.000000
4.770000	17.202995	0.000000
4.780000	17.202960	0.000000
4.790000	17.202984	0.000000
4.800000	17.203004	0.000000
4.810000	17.203007	0.000000
4.820000	17.203002	0.000000
4.830000	17.202999	0.000000
4.840000	17.202999	0.000000
4.850000	17.203000	0.000000
4.860000	17.203000	0.000000
4.870000	17.203000	0.000000
4.880000	17.203000	0.000000
4.890000	17.203000	0.000000
<END DATA>
