<Mach-1 File>
<INFO>
Date:	Tue, Apr 07, 2026
Time:	16:45:48.429
Mach-1 Motion Software Version:	4.5.0.1
Mach-1 System S/N:	MA0561195
Mach-1 System Model:	V500c
Load Cell Name:	100N-SN195168
Load Cell Type:	Single-axis
Load Cell Calibration Factor:	1.003782
Load Cell Offset:	31.000000
Load Cell Calibration Date:	2025-08-20
Load Cell Low-pass filter:	Yes
Load Cell Low-pass filter Order:	3
Load Cell Low-pass filter Cutoff frequency (Hz):	20.00
<END INFO>
<Find Contact>
Stage Axis:	Position (z)
Load Cell Axis:	Fz
Direction:	Positive
Contact Criteria, gf:	1.000000
Stage Velocity, mm/s:	0.2000
Stage Limit, mm:	10.0000
Stage Repositioning:	None
Offset, mm:	0.0000
<DATA>
Time, s	Position (z), mm	Fz, gf
0.000000	16.372000	0.000000
0.010000	16.372000	0.000000
0.020000	16.372000	0.000000
0.030000	16.372000	0.000000
0.040000	16.372000	0.000000
0.050000	16.372000	0.000000
0.060000	16.372000	0.000000
0.070000	16.372000	0.000000
0.080000	16.372000	0.000000
0.090000	16.372000	0.000000
0.100000	16.372000	0.000000
0.110000	16.372000	0.000000
0.120000	16.372000	0.000000
0.130000	16.372000	0.000000
0.140000	16.372000	0.000000
0.150000	16.372000	0.000000
0.160000	16.372000	0.000000
0.170000	16.372000	0.000000
0.180000	16.372000	0.000000
0.190000	16.372000	0.000000
0.200000	16.372000	0.000000
0.210000	16.372000	0.000000
0.220000	16.372025	0.000000
0.230000	16.372209	0.000000
0.240000	16.372556	0.000000
0.250000	16.373626	0.501891
0.260000	16.375727	0.501891
0.270000	16.378312	0.501891
0.280000	16.380796	0.501891
0.290000	16.383050	0.501891
0.300000	16.385219	0.501891
0.310000	16.387342	0.501891
0.320000	16.389448	0.501891
0.330000	16.391539	0.501891
0.340000	16.393591	0.501891
0.350000	16.395701	0.501891
0.360000	16.397855	0.000000
0.370000	16.399979	0.000000
0.380000	16.402034	0.000000
0.390000	16.404014	0.000000
0.400000	16.405972	0.501891
0.410000	16.407960	0.501891
0.420000	16.409987	0.000000
0.430000	16.412015	0.000000
0.440000	16.413982	0.000000
0.450000	16.415925	0.501891
0.460000	16.417952	0.501891
0.470000	16.420097	0.000000
0.480000	16.422384	0.000000
0.490000	16.424651	0.000000
0.500000	16.426764	0.501891
0.510000	16.428759	0.501891
0.520000	16.430762	0.501891
0.530000	16.432719	0.501891
0.540000	16.434480	0.000000
0.550000	16.436099	0.000000
0.560000	16.437927	0.501891
0.570000	16.439969	0.000000
0.580000	16.442022	0.000000
0.590000	16.444032	0.501891
0.600000	16.446003	0.501891
0.610000	16.447975	0.000000
0.620000	16.449978	0.000000
0.630000	16.451992	0.000000
0.640000	16.453999	0.501891
0.650000	16.455996	0.000000
0.660000	16.458003	0.000000
0.670000	16.459993	0.000000
0.680000	16.462003	0.501891
0.690000	16.464006	0.501891
0.700000	16.466007	0.501891
0.710000	16.468041	0.000000
0.720000	16.470146	0.000000
0.730000	16.472224	0.000000
0.740000	16.474357	0.000000
0.750000	16.476608	0.000000
0.760000	16.478754	0.000000
0.770000	16.480758	0.000000
0.780000	16.482719	0.000000
0.790000	16.484685	0.000000
0.800000	16.486576	0.000000
0.810000	16.488343	0.000000
0.820000	16.490115	0.000000
0.830000	16.492022	0.000000
0.840000	16.494037	0.000000
0.850000	16.496050	0.501891
0.860000	16.498026	0.501891
0.870000	16.499978	0.501891
0.880000	16.501938	0.501891
0.890000	16.503959	0.000000
0.900000	16.506003	0.000000
0.910000	16.508020	0.000000
0.920000	16.510039	0.000000
0.930000	16.512218	0.000000
0.940000	16.514537	0.000000
0.950000	16.516690	0.000000
0.960000	16.518461	0.000000
0.970000	16.520030	0.000000
0.980000	16.521781	0.000000
0.990000	16.523762	0.000000
1.000000	16.525846	0.000000
1.010000	16.527936	0.000000
1.020000	16.529982	0.000000
1.030000	16.531993	0.000000
1.040000	16.534001	0.000000
1.050000	16.535992	0.000000
1.060000	16.537987	0.000000
1.070000	16.539967	0.501891
1.080000	16.541935	0.501891
1.090000	16.543949	0.000000
1.100000	16.545981	0.000000
1.110000	16.547998	0.000000
1.120000	16.549975	0.000000
1.130000	16.551947	0.000000
1.140000	16.553939	0.000000
1.150000	16.555931	0.000000
1.160000	16.557959	0.000000
1.170000	16.559991	0.000000
1.180000	16.561947	0.000000
1.190000	16.563887	0.000000
1.200000	16.565904	0.501891
1.210000	16.567958	0.000000
1.220000	16.569993	0.000000
1.230000	16.572015	0.000000
1.240000	16.574063	0.000000
1.250000	16.576128	0.000000
1.260000	16.578101	0.000000
1.270000	16.580063	0.000000
1.280000	16.582062	0.000000
1.290000	16.584096	0.000000
1.300000	16.586307	0.000000
1.310000	16.588634	0.000000
1.320000	16.590809	0.000000
1.330000	16.592814	0.000000
1.340000	16.594726	0.000000
1.350000	16.596525	0.000000
1.360000	16.598172	0.000000
1.370000	16.599944	0.000000
1.380000	16.601928	0.000000
1.390000	16.603995	0.501891
1.400000	16.606036	0.000000
1.410000	16.608025	0.000000
1.420000	16.610023	0.000000
1.430000	16.612050	0.000000
1.440000	16.614061	0.000000
1.450000	16.616057	0.000000
1.460000	16.618150	0.501891
1.470000	16.620372	0.000000
1.480000	16.622711	0.000000
1.490000	16.624934	0.000000
1.500000	16.626922	0.000000
1.510000	16.628809	0.501891
1.520000	16.630731	0.501891
1.530000	16.632634	0.501891
1.540000	16.634428	0.000000
1.550000	16.636229	0.000000
1.560000	16.638387	0.000000
1.570000	16.640705	0.000000
1.580000	16.642852	0.000000
1.590000	16.644793	0.000000
1.600000	16.646726	0.000000
1.610000	16.648701	0.000000
1.620000	16.650701	0.000000
1.630000	16.652685	0.000000
1.640000	16.654663	0.000000
1.650000	16.656712	0.000000
1.660000	16.658748	0.501891
1.670000	16.660741	0.501891
1.680000	16.662730	0.000000
1.690000	16.664679	0.501891
1.700000	16.666544	0.000000
1.710000	16.668203	0.000000
1.720000	16.669924	0.000000
1.730000	16.671892	0.000000
1.740000	16.673926	0.000000
1.750000	16.675966	0.000000
1.760000	16.678076	0.000000
1.770000	16.680273	0.000000
1.780000	16.682496	0.501891
1.790000	16.684681	0.501891
1.800000	16.686697	0.501891
1.810000	16.688444	0.000000
1.820000	16.690112	0.000000
1.830000	16.692051	0.000000
1.840000	16.694171	0.000000
1.850000	16.696187	0.000000
1.860000	16.698184	0.000000
1.870000	16.700386	0.000000
1.880000	16.702681	0.000000
1.890000	16.704798	0.000000
1.900000	16.706733	0.000000
1.910000	16.708671	0.000000
1.920000	16.710632	0.000000
1.930000	16.712435	0.000000
1.940000	16.714098	0.000000
1.950000	16.715920	0.000000
1.960000	16.717883	0.000000
1.970000	16.719899	0.501891
1.980000	16.721944	0.501891
1.990000	16.723959	0.501891
2.000000	16.725971	0.501891
2.010000	16.727993	0.000000
2.020000	16.730006	0.000000
2.030000	16.732029	0.000000
2.040000	16.734047	0.000000
2.050000	16.736057	0.000000
2.060000	16.738047	0.501891
2.070000	16.740014	0.000000
2.080000	16.741981	0.000000
2.090000	16.743984	0.000000
2.100000	16.745992	0.000000
2.110000	16.747980	0.501891
2.120000	16.749994	0.501891
2.130000	16.752021	0.501891
2.140000	16.754013	0.000000
2.150000	16.755993	0.000000
2.160000	16.757979	0.000000
2.170000	16.759966	0.000000
2.180000	16.761972	0.000000
2.190000	16.764000	0.000000
2.200000	16.766059	0.000000
2.210000	16.768155	0.000000
2.220000	16.770330	0.000000
2.230000	16.772548	0.000000
2.240000	16.774706	0.000000
2.250000	16.776710	0.501891
2.260000	16.778618	0.501891
2.270000	16.780499	0.000000
2.280000	16.782239	0.000000
2.290000	16.784031	0.000000
2.300000	16.785987	0.000000
2.310000	16.788002	0.000000
2.320000	16.790004	0.000000
2.330000	16.791951	0.000000
2.340000	16.793933	0.000000
2.350000	16.795968	0.000000
2.360000	16.798021	0.000000
2.370000	16.800019	0.000000
2.380000	16.801989	0.000000
2.390000	16.804002	0.000000
2.400000	16.806120	0.000000
2.410000	16.808439	0.000000
2.420000	16.810710	0.000000
2.430000	16.812793	0.501891
2.440000	16.814754	0.501891
2.450000	16.816709	0.000000
2.460000	16.818595	0.000000
2.470000	16.820266	0.000000
2.480000	16.821993	0.000000
2.490000	16.823909	0.000000
2.500000	16.825900	0.000000
2.510000	16.827899	0.000000
2.520000	16.829912	0.000000
2.530000	16.831971	0.000000
2.540000	16.834014	0.501891
2.550000	16.836042	0.501891
2.560000	16.838137	0.000000
2.570000	16.840400	0.000000
2.580000	16.842750	0.000000
2.590000	16.844941	0.501891
2.600000	16.846911	0.501891
2.610000	16.848800	0.501891
2.620000	16.850722	0.501891
2.630000	16.852720	0.000000
2.640000	16.854698	0.000000
2.650000	16.856586	0.000000
2.660000	16.858301	0.000000
2.670000	16.860073	0.000000
2.680000	16.862062	0.000000
2.690000	16.864187	0.000000
2.700000	16.866359	0.000000
2.710000	16.868353	0.000000
2.720000	16.870134	0.000000
2.730000	16.871977	0.000000
2.740000	16.873947	0.000000
2.750000	16.876012	0.000000
2.760000	16.878086	0.000000
2.770000	16.880108	0.000000
2.780000	16.882208	0.000000
2.790000	16.884423	0.000000
2.800000	16.886650	0.000000
2.810000	16.888700	0.000000
2.820000	16.890439	0.000000
2.830000	16.892106	0.000000
2.840000	16.893976	0.501891
2.850000	16.895988	0.501891
2.860000	16.898005	0.501891
2.870000	16.900019	0.000000
2.880000	16.902044	0.000000
2.890000	16.904038	0.000000
2.900000	16.906134	0.000000
2.910000	16.908400	0.000000
2.920000	16.910701	0.000000
2.930000	16.912887	0.000000
2.940000	16.914943	0.000000
2.950000	16.916920	0.000000
2.960000	16.918855	0.501891
2.970000	16.920796	0.501891
2.980000	16.922784	0.501891
2.990000	16.924794	0.501891
3.000000	16.926761	0.501891
3.010000	16.928703	0.501891
3.020000	16.930647	0.501891
3.030000	16.932525	0.501891
3.040000	16.934233	0.501891
3.050000	16.935981	0.501891
3.060000	16.937895	0.501891
3.070000	16.939928	0.501891
3.080000	16.941956	0.501891
3.090000	16.943965	1.003782
3.100000	16.945962	1.003782
3.110000	16.947971	1.003782
3.120000	16.949996	1.003782
3.130000	16.952029	1.003782
3.140000	16.953597	1.003782
3.150000	16.954304	1.003782
3.160000	16.954514	1.003782
3.170000	16.954521	1.003782
3.180000	16.954495	1.003782
3.190000	16.954488	1.003782
<END DATA>
<INFO>
Date:	Tue, Apr 07, 2026
Time:	16:45:51.629
Mach-1 Motion Software Version:	4.5.0.1
Mach-1 System S/N:	MA0561195
Mach-1 System Model:	V500c
Load Cell Name:	100N-SN195168
Load Cell Type:	Single-axis
Load Cell Calibration Factor:	1.003782
Load Cell Offset:	31.000000
Load Cell Calibration Date:	2025-08-20
Load Cell Low-pass filter:	Yes
Load Cell Low-pass filter Order:	3
Load Cell Low-pass filter Cutoff frequency (Hz):	20.00
<END INFO>
<Sinusoid>
Stage Axis:	Position (z)
Amplitude, mm:	5.0000
Frequency, Hz:	1.00000
Number of Cycles:	5
<DATA>
Time, s	Position (z), mm	Fz, gf
0.000000	16.954495	1.003782
0.010000	16.954500	1.003782
0.020000	16.954502	1.003782
0.030000	16.954501	1.003782
0.040000	16.954500	1.003782
0.050000	16.954500	1.003782
0.060000	16.954500	1.003782
0.070000	16.954500	1.003782
0.080000	16.954462	1.003782
0.090000	16.954246	1.003782
0.100000	16.954036	1.003782
0.110000	16.953961	1.003782
0.120000	16.953974	1.003782
0.130000	16.953999	1.003782
0.140000	16.954007	1.003782
0.150000	16.954004	1.003782
0.160000	16.954000	1.003782
0.170000	16.953999	1.003782
0.180000	16.953999	1.003782
0.190000	16.954000	1.003782
0.200000	16.954000	1.003782
0.210000	16.954000	1.003782
0.220000	16.954000	1.003782
0.230000	16.954000	1.003782
0.240000	16.954000	1.003782
0.250000	16.954000	1.003782
0.260000	16.954000	1.003782
0.270000	16.953971	1.003782
0.280000	16.953764	1.003782
0.290000	16.953546	1.003782
0.300000	16.953462	1.003782
0.310000	16.953472	1.003782
0.320000	16.953498	1.003782
0.330000	16.953507	1.003782
0.340000	16.953504	1.003782
0.350000	16.953500	1.003782
0.360000	16.953499	1.003782
0.370000	16.953499	1.003782
0.380000	16.953500	1.003782
0.390000	16.953500	1.003782
0.400000	16.953500	1.003782
0.410000	16.953500	1.003782
0.420000	16.953500	1.003782
0.430000	16.953500	1.003782
0.440000	16.953500	1.003782
0.450000	16.953500	1.003782
0.460000	16.953500	1.003782
0.470000	16.953500	1.003782
0.480000	16.953500	1.003782
0.490000	16.953500	1.003782
0.500000	16.953500	1.003782
0.510000	16.953500	1.003782
0.520000	16.953500	1.003782
0.530000	16.953500	1.003782
0.540000	16.953500	1.003782
0.550000	16.953500	1.003782
0.560000	16.953500	1.003782
0.570000	16.953500	1.003782
0.580000	16.953500	1.003782
0.590000	16.953500	0.501891
0.600000	16.954000	0.501891
0.610000	16.954000	1.003782
0.620000	16.954000	1.003782
0.630000	16.954000	1.003782
0.640000	16.954000	1.003782
0.650000	16.954000	1.003782
0.660000	16.954000	1.003782
0.670000	16.954000	1.003782
0.680000	16.954000	0.501891
0.690000	16.954000	0.501891
0.700000	16.954000	1.003782
0.710000	16.954000	1.003782
0.720000	16.954000	1.003782
0.730000	16.954000	1.003782
0.740000	16.954000	1.003782
0.750000	16.954000	1.003782
0.760000	16.954000	1.003782
0.770000	16.954000	1.003782
0.780000	16.954000	1.003782
0.790000	16.954000	1.003782
0.800000	16.954000	1.003782
0.810000	16.954000	1.003782
0.820000	16.954000	1.003782
0.830000	16.954000	1.003782
0.840000	16.954000	1.003782
0.850000	16.954000	1.003782
0.860000	16.954000	1.003782
0.870000	16.954000	1.003782
0.880000	16.954000	1.003782
0.890000	16.954000	1.003782
0.900000	16.954000	1.003782
0.910000	16.954000	1.003782
0.920000	16.954000	1.003782
0.930000	16.954000	1.003782
0.940000	16.954000	1.003782
0.950000	16.954000	1.003782
0.960000	16.954000	1.003782
0.970000	16.954000	1.003782
0.980000	16.954000	1.003782
0.990000	16.954000	0.501891
1.000000	16.954000	0.501891
1.010000	16.954000	1.003782
1.020000	16.954000	1.003782
1.030000	16.954000	1.003782
1.040000	16.954000	1.003782
1.050000	16.954000	1.003782
1.060000	16.954000	1.003782
1.070000	16.954000	1.003782
1.080000	16.954000	1.003782
1.090000	16.954000	1.003782
1.100000	16.954000	1.003782
1.110000	16.954000	1.003782
1.120000	16.954000	1.003782
1.130000	16.954000	1.003782
1.140000	16.954000	1.003782
1.150000	16.954000	1.003782
1.160000	16.954000	1.003782
1.170000	16.954016	1.003782
1.180000	16.954415	1.003782
1.190000	16.958773	1.505672
1.200000	16.974167	2.509454
1.210000	17.005520	3.513236
1.220000	17.056692	5.520799
1.230000	17.131672	8.532144
1.240000	17.234631	12.045379
1.250000	17.370124	17.064287
1.260000	17.540479	23.086977
1.270000	17.744056	30.615339
1.280000	17.976360	38.645592
1.290000	18.232203	47.177735
1.300000	18.506650	56.211769
1.310000	18.795112	65.747695
1.320000	19.093015	74.781729
1.330000	19.396083	84.317654
1.340000	19.699660	92.849798
1.350000	19.999904	101.381941
1.360000	20.292387	109.412194
1.370000	20.572437	116.940556
1.380000	20.835449	123.465137
1.390000	21.076798	129.487826
1.400000	21.291945	134.506734
1.410000	21.476309	138.019970
1.420000	21.626099	140.529424
1.430000	21.741248	142.035096
1.440000	21.825279	142.536987
1.450000	21.883583	142.536987
1.460000	21.921242	142.035096
1.470000	21.942666	141.533205
1.480000	21.952407	140.529424
1.490000	21.955163	139.023751
1.500000	21.955181	138.019970
1.510000	21.954861	137.518079
1.520000	21.954828	136.514297
1.530000	21.954939	135.510516
1.540000	21.954905	135.008625
1.550000	21.953606	134.004843
1.560000	21.945908	132.499171
1.570000	21.925509	130.993498
1.580000	21.887922	128.484044
1.590000	21.829408	124.970809
1.600000	21.745948	120.453792
1.610000	21.632823	115.434884
1.620000	21.485903	109.412194
1.630000	21.304120	103.389505
1.640000	21.090339	96.363033
1.650000	20.849688	88.834671
1.660000	20.587373	80.804419
1.670000	20.308102	72.272275
1.680000	20.016165	63.740131
1.690000	19.716160	55.207988
1.700000	19.412514	45.672063
1.710000	19.108241	37.139919
1.720000	18.804331	28.105885
1.730000	18.500983	20.075632
1.740000	18.197714	12.045379
1.750000	17.894047	5.018908
1.760000	17.590433	0.501891
1.770000	17.286972	-0.501891
1.780000	16.983372	0.000000
1.790000	16.679899	0.501891
1.800000	16.376677	0.501891
1.810000	16.073159	0.501891
1.820000	15.769565	0.000000
1.830000	15.466159	0.000000
1.840000	15.162684	0.000000
1.850000	14.858972	0.501891
1.860000	14.555548	0.000000
1.870000	14.252736	0.000000
1.880000	13.952185	0.501891
1.890000	13.658294	0.501891
1.900000	13.376092	1.003782
1.910000	13.110354	1.003782
1.920000	12.865628	1.003782
1.930000	12.646433	1.505672
1.940000	12.457314	1.505672
1.950000	12.302316	1.505672
1.960000	12.182096	1.505672
1.970000	12.093410	1.003782
1.980000	12.031438	1.003782
1.990000	11.991160	1.003782
2.000000	11.967676	0.501891
2.010000	11.956338	0.501891
2.020000	11.952686	0.501891
2.030000	11.952439	0.501891
2.040000	11.952713	0.000000
2.050000	11.953034	0.000000
2.060000	11.956494	0.501891
2.070000	11.970157	0.501891
2.080000	11.999482	1.003782
2.090000	12.048162	1.003782
2.100000	12.120121	1.003782
2.110000	12.219573	1.505672
2.120000	12.351162	1.505672
2.130000	12.517628	1.505672
2.140000	12.717693	1.003782
2.150000	12.947033	1.003782
2.160000	13.200401	1.003782
2.170000	13.472653	1.003782
2.180000	13.759338	0.501891
2.190000	14.056157	0.501891
2.200000	14.358715	0.000000
2.210000	14.663089	0.000000
2.220000	14.967120	0.501891
2.230000	15.270488	0.501891
2.240000	15.573822	0.501891
2.250000	15.877070	0.501891
2.260000	16.180497	0.000000
2.270000	16.484223	0.000000
2.280000	16.788010	0.000000
2.290000	17.091650	3.011345
2.300000	17.395121	10.539707
2.310000	17.698314	21.079414
2.320000	18.001583	32.622902
2.330000	18.305055	43.162609
2.340000	18.608792	52.698534
2.350000	18.912504	61.732568
2.360000	19.216081	71.268493
2.370000	19.519416	80.302528
2.380000	19.821361	89.336562
2.390000	20.118660	97.366815
2.400000	20.406657	105.397068
2.410000	20.680383	112.925430
2.420000	20.935183	119.450010
2.430000	21.166459	124.970809
2.440000	21.369735	129.989717
2.450000	21.540500	133.502952
2.460000	21.676211	136.012406
2.470000	21.778311	137.518079
2.480000	21.851358	138.019970
2.490000	21.900805	138.019970
2.500000	21.931463	137.518079
2.510000	21.947710	136.514297
2.520000	21.954118	136.012406
2.530000	21.955328	135.008625
2.540000	21.955028	134.004843
2.550000	21.954811	133.502952
2.560000	21.954861	132.499171
2.570000	21.954778	131.997280
2.580000	21.952578	130.993498
2.590000	21.942347	129.487826
2.600000	21.918284	127.480263
2.610000	21.876246	124.970809
2.620000	21.812420	120.955683
2.630000	21.722572	116.438665
2.640000	21.602005	111.419757
2.650000	21.446986	105.397068
2.660000	21.257409	99.374378
2.670000	21.036883	92.849798
2.680000	20.790734	85.321436
2.690000	20.524179	76.789292
2.700000	20.241692	68.257149
2.710000	19.947541	59.223114
2.720000	19.646299	50.690971
2.730000	19.342285	41.656936
2.740000	19.038110	33.124793
2.750000	18.734519	24.592649
2.760000	18.431251	16.562396
2.770000	18.127881	9.034034
2.780000	17.824270	2.509454
2.790000	17.520751	-0.501891
2.800000	17.217274	-0.501891
2.810000	16.913620	0.000000
2.820000	16.610034	0.501891
2.830000	16.306733	0.501891
2.840000	16.003184	0.501891
2.850000	15.699637	0.000000
2.860000	15.396241	0.000000
2.870000	15.092788	0.000000
2.880000	14.789189	0.000000
2.890000	14.485747	0.501891
2.900000	14.183056	0.501891
2.910000	13.883581	0.501891
2.920000	13.591955	0.501891
2.930000	13.313148	1.003782
2.940000	13.051845	1.003782
2.950000	12.812619	1.003782
2.960000	12.599980	1.003782
2.970000	12.418419	1.505672
2.980000	12.271549	1.505672
2.990000	12.158891	1.505672
3.000000	12.076827	1.505672
3.010000	12.020409	1.003782
3.020000	11.984483	1.003782
3.030000	11.964187	0.501891
3.040000	11.955002	0.501891
3.050000	11.952476	0.501891
3.060000	11.952503	0.000000
3.070000	11.952723	0.000000
3.080000	11.952772	0.501891
3.090000	11.954025	0.501891
3.100000	11.962153	1.003782
3.110000	11.983515	1.003782
3.120000	12.022442	1.003782
3.130000	12.082654	1.003782
3.140000	12.168351	1.505672
3.150000	12.283894	1.505672
3.160000	12.433512	1.505672
3.170000	12.617897	1.505672
3.180000	12.833851	1.003782
3.190000	13.076367	1.003782
3.200000	13.340137	1.003782
3.210000	13.620351	1.003782
3.220000	13.912804	0.501891
3.230000	14.213189	0.501891
3.240000	14.517222	0.501891
3.250000	14.821629	0.000000
3.260000	15.125406	0.000000
3.270000	15.428775	0.000000
3.280000	15.731864	0.000000
3.290000	16.035056	0.000000
3.300000	16.338574	0.000000
3.310000	16.642391	0.000000
3.320000	16.946172	0.501891
3.330000	17.249743	5.018908
3.340000	17.552988	14.052942
3.350000	17.856180	25.094540
3.360000	18.159734	36.136138
3.370000	18.463457	46.173953
3.380000	18.767037	55.709879
3.390000	19.070538	64.743913
3.400000	19.374042	73.777947
3.410000	19.676913	82.811982
3.420000	19.976981	91.846016
3.430000	20.270067	99.374378
3.440000	20.551250	106.902740
3.450000	20.815729	113.929211
3.460000	21.058822	120.453792
3.470000	21.276061	125.974590
3.480000	21.462966	129.989717
3.490000	21.615491	133.001062
3.500000	21.733275	135.008625
3.510000	21.819537	136.012406
3.520000	21.879640	136.012406
3.530000	21.918753	136.012406
3.540000	21.941330	135.510516
3.550000	21.951905	134.506734
3.560000	21.955064	133.502952
3.570000	21.954976	133.001062
3.580000	21.954421	131.997280
3.590000	21.954282	131.495389
3.600000	21.954410	130.993498
3.610000	21.954195	129.989717
3.620000	21.949785	128.985935
3.630000	21.934468	127.480263
3.640000	21.903232	124.970809
3.650000	21.852428	121.959464
3.660000	21.778173	117.944338
3.670000	21.675938	112.925430
3.680000	21.541208	107.906522
3.690000	21.371391	101.883832
3.700000	21.168123	95.359252
3.710000	20.936147	87.830890
3.720000	20.680810	80.302528
3.730000	20.407025	72.272275
3.740000	20.119052	63.740131
3.750000	19.821350	54.706097
3.760000	19.518537	45.672063
3.770000	19.214315	36.638028
3.780000	18.910394	28.105885
3.790000	18.606968	20.075632
3.800000	18.303697	12.045379
3.810000	18.000045	5.018908
3.820000	17.696468	0.501891
3.830000	17.393109	-0.501891
3.840000	17.089692	-0.501891
3.850000	16.786177	0.000000
3.860000	16.482702	0.501891
3.870000	16.179174	0.501891
3.880000	15.875462	0.501891
3.890000	15.571993	0.501891
3.900000	15.268632	0.000000
3.910000	14.965088	0.501891
3.920000	14.661544	0.501891
3.930000	14.358343	0.000000
3.940000	14.056465	0.501891
3.950000	13.759689	0.501891
3.960000	13.472883	0.501891
3.970000	13.200885	1.003782
3.980000	12.948335	1.003782
3.990000	12.719759	1.505672
4.000000	12.519625	1.003782
4.010000	12.352336	1.505672
4.020000	12.220121	1.003782
4.030000	12.120914	1.003782
4.040000	12.050307	1.003782
4.050000	12.003101	1.003782
4.060000	11.974321	0.501891
4.070000	11.959209	0.501891
4.080000	11.953346	0.501891
4.090000	11.952285	0.000000
4.100000	11.952536	0.000000
4.110000	11.952707	0.000000
4.120000	11.953126	0.000000
4.130000	11.957609	0.501891
4.140000	11.973078	1.003782
4.150000	12.004543	1.003782
4.160000	12.055836	1.003782
4.170000	12.130872	1.505672
4.180000	12.233867	1.505672
4.190000	12.369485	1.505672
4.200000	12.540177	1.505672
4.210000	12.744125	1.505672
4.220000	12.976676	1.003782
4.230000	13.232580	1.003782
4.240000	13.506796	0.501891
4.250000	13.794917	0.501891
4.260000	14.092683	0.501891
4.270000	14.395715	0.000000
4.280000	14.700150	0.000000
4.290000	15.004066	0.000000
4.300000	15.307524	0.000000
4.310000	15.610770	0.000000
4.320000	15.913944	0.000000
4.330000	16.217341	0.501891
4.340000	16.521087	0.501891
4.350000	16.824909	0.501891
4.360000	17.128521	2.007563
4.370000	17.431899	9.034034
4.380000	17.735058	19.573741
4.390000	18.038547	30.615339
4.400000	18.342184	40.653155
4.410000	18.645814	50.189080
4.420000	18.949360	59.725005
4.430000	19.252875	68.759039
4.440000	19.556155	78.294965
4.450000	19.857788	86.827108
4.460000	20.154253	94.857361
4.470000	20.440758	102.887614
4.480000	20.712435	110.415976
4.490000	20.964588	116.940556
4.500000	21.192720	122.461355
4.510000	21.392299	126.978372
4.520000	21.558818	130.491608
4.530000	21.690259	133.001062
4.540000	21.788536	134.506734
4.550000	21.858462	135.008625
4.560000	21.905381	135.008625
4.570000	21.934025	134.506734
4.580000	21.948869	134.004843
4.590000	21.954447	133.001062
4.600000	21.955186	132.499171
4.610000	21.954601	131.495389
4.620000	21.954309	130.491608
4.630000	21.954572	129.989717
4.640000	21.954899	129.487826
4.650000	21.954655	128.985935
4.660000	21.951005	127.982154
4.670000	21.937630	126.476481
4.680000	21.909175	124.468918
4.690000	21.861785	121.457573
4.700000	21.791607	117.442447
4.710000	21.694182	112.423539
4.720000	21.564853	107.404631
4.730000	21.400644	101.883832
4.740000	21.202555	95.359252
4.750000	20.974821	88.332781
4.760000	20.722850	80.804419
4.770000	20.451655	72.272275
4.780000	20.165642	63.740131
4.790000	19.869231	55.207988
4.800000	19.566919	46.173953
4.810000	19.262748	37.139919
4.820000	18.958727	28.607776
4.830000	18.655231	20.075632
4.840000	18.351943	12.547270
4.850000	18.048401	5.520799
4.860000	17.744709	1.003782
4.870000	17.441299	-0.501891
4.880000	17.137826	0.000000
4.890000	16.834182	0.000000
4.900000	16.530744	0.501891
4.910000	16.227421	0.501891
4.920000	15.923754	0.000000
4.930000	15.620267	0.000000
4.940000	15.316922	0.000000
4.950000	15.013354	0.000000
4.960000	14.709775	0.000000
4.970000	14.406545	0.000000
4.980000	14.104309	0.000000
4.990000	13.806393	0.501891
5.000000	13.517637	0.501891
5.010000	13.242984	1.003782
5.020000	12.987042	1.003782
5.030000	12.754329	1.003782
5.040000	12.549398	1.505672
5.050000	12.376689	1.505672
5.060000	12.238920	1.505672
5.070000	12.134706	1.003782
5.080000	12.059892	1.003782
5.090000	12.009249	1.003782
5.100000	11.977850	1.003782
5.110000	11.960897	0.501891
5.120000	11.953847	0.501891
5.130000	11.952335	0.501891
5.140000	11.952564	0.000000
5.150000	11.952731	0.000000
5.160000	11.952717	0.501891
5.170000	11.953864	0.501891
5.180000	11.961629	1.003782
5.190000	11.982418	1.003782
5.200000	12.020623	1.003782
5.210000	12.079982	1.003782
5.220000	12.164597	1.003782
5.230000	12.278834	1.505672
5.240000	12.427060	1.505672
5.250000	12.610225	1.505672
5.260000	12.825080	1.003782
5.270000	13.066629	1.003782
5.280000	13.329676	1.003782
5.290000	13.609379	1.003782
5.300000	13.901445	0.501891
5.310000	14.201587	0.501891
5.320000	14.505544	0.000000
5.330000	14.809927	0.000000
5.340000	15.113665	0.000000
5.350000	15.417032	0.000000
5.360000	15.720105	0.501891
5.370000	16.023292	0.501891
5.380000	16.326900	0.000000
5.390000	16.630755	0.000000
5.400000	16.934506	0.501891
5.410000	17.238067	3.513236
5.420000	17.541333	11.543488
5.430000	17.844513	22.585086
5.440000	18.148002	33.626684
5.450000	18.451722	43.162609
5.460000	18.755364	52.698534
5.470000	19.058864	62.234459
5.480000	19.362351	71.268493
5.490000	19.665264	80.302528
5.500000	19.965486	88.834671
5.510000	20.258971	96.864924
5.520000	20.540733	104.393286
5.530000	20.805904	111.419757
5.540000	21.049890	117.944338
5.550000	21.268212	122.963246
5.560000	21.456316	127.480263
5.570000	21.610207	130.491608
5.580000	21.729287	132.499171
5.590000	21.816720	134.004843
5.600000	21.877760	134.004843
5.610000	21.917591	134.004843
5.620000	21.940767	133.502952
5.630000	21.951729	132.499171
5.640000	21.955049	131.495389
5.650000	21.954994	130.993498
5.660000	21.954427	130.491608
5.670000	21.954277	129.487826
5.680000	21.954396	128.985935
5.690000	21.953793	127.982154
5.700000	21.947606	126.978372
5.710000	21.929264	124.970809
5.720000	21.894194	122.461355
5.730000	21.838751	119.450010
5.740000	21.758967	114.932993
5.750000	21.650213	110.415976
5.760000	21.508166	104.895177
5.770000	21.331039	98.872487
5.780000	21.121329	92.347907
5.790000	20.883977	84.819545
5.800000	20.624281	76.789292
5.810000	20.347102	68.759039
5.820000	20.056752	60.226896
5.830000	19.757638	51.192861
5.840000	19.454271	42.660718
5.850000	19.150056	33.626684
5.860000	18.846287	25.094540
5.870000	18.542916	17.064287
5.880000	18.239545	9.535925
5.890000	17.935867	3.011345
5.900000	17.632302	0.000000
5.910000	17.328925	-0.501891
5.920000	17.025499	0.000000
5.930000	16.722004	0.501891
5.940000	16.418549	0.501891
5.950000	16.114938	0.000000
5.960000	15.811250	0.000000
5.970000	15.507833	0.000000
5.980000	15.204463	0.501891
5.990000	14.900914	0.501891
6.000000	14.597405	0.000000
6.010000	14.294349	0.000000
6.020000	13.993185	0.501891
6.030000	13.698027	0.501891
6.040000	13.413917	1.003782
6.050000	13.145658	1.003782
6.060000	12.897826	1.003782
6.070000	12.674909	1.003782
6.080000	12.481440	1.505672
6.090000	12.321548	1.505672
6.100000	12.196591	1.505672
6.110000	12.103837	1.505672
6.120000	12.038595	1.003782
6.130000	11.995614	1.003782
6.140000	11.970080	0.501891
6.150000	11.957364	0.501891
6.160000	11.952901	0.501891
6.170000	11.952358	0.000000
6.180000	11.952632	0.000000
6.190000	11.952698	0.000000
6.200000	11.952814	0.000000
6.210000	11.955475	0.501891
6.220000	11.967119	1.003782
6.230000	11.993403	1.003782
6.240000	12.038324	1.003782
6.250000	12.105863	1.003782
6.260000	12.200087	1.505672
6.270000	12.325549	1.505672
6.280000	12.485785	1.505672
6.290000	12.680284	1.505672
6.300000	12.904891	1.505672
6.310000	13.154364	1.003782
6.320000	13.423623	0.501891
6.330000	13.708127	0.501891
6.340000	14.003594	0.501891
6.350000	14.305550	0.501891
6.360000	14.609739	0.000000
6.370000	14.911695	0.000000
6.380000	15.206847	-0.501891
6.390000	15.490854	-0.501891
6.400000	15.759181	-0.501891
6.410000	16.007372	-0.501891
6.420000	16.230824	-0.501891
6.430000	16.424859	-1.003782
6.440000	16.585189	-1.003782
6.450000	16.710424	-1.003782
6.460000	16.803111	-1.003782
6.470000	16.868550	-0.501891
6.480000	16.911893	-0.501891
6.490000	16.937709	0.000000
6.500000	16.950483	0.000000
6.510000	16.954875	0.000000
6.520000	16.955374	0.000000
6.530000	16.954979	0.000000
6.540000	16.954814	0.000000
6.550000	16.954894	0.501891
6.560000	16.954995	0.501891
6.570000	16.955026	0.000000
6.580000	16.955014	0.000000
6.590000	16.954999	0.000000
6.600000	16.954996	0.000000
6.610000	16.954998	0.000000
6.620000	16.955000	0.501891
6.630000	16.954923	0.000000
6.640000	16.954684	0.000000
6.650000	16.954504	0.000000
6.660000	16.954459	0.501891
6.670000	16.954481	0.501891
6.680000	16.954503	0.501891
6.690000	16.954507	0.000000
6.700000	16.954503	0.000000
6.710000	16.954499	0.000000
6.720000	16.954499	0.000000
6.730000	16.954500	0.000000
6.740000	16.954500	0.000000
6.750000	16.954500	0.000000
6.760000	16.954500	0.000000
6.770000	16.954500	0.000000
6.780000	16.954500	0.000000
6.790000	16.954500	0.000000
6.800000	16.954500	0.000000
6.810000	16.954464	0.000000
6.820000	16.954248	0.000000
6.830000	16.954037	0.000000
6.840000	16.953961	0.000000
6.850000	16.953974	0.000000
6.860000	16.953999	0.000000
6.870000	16.954007	0.000000
6.880000	16.954004	0.000000
6.890000	16.954000	0.000000
6.900000	16.953999	0.000000
6.910000	16.953999	0.000000
6.920000	16.954000	0.000000
6.930000	16.954000	0.000000
6.940000	16.954000	0.000000
6.950000	16.954000	0.000000
6.960000	16.954000	0.000000
6.970000	16.954000	0.000000
6.980000	16.954000	0.501891
6.990000	16.954000	0.501891
7.000000	16.954000	0.000000
7.010000	16.954000	0.000000
7.020000	16.954000	0.000000
7.030000	16.954000	0.000000
7.040000	16.954000	0.000000
7.050000	16.954000	0.000000
7.060000	16.954000	0.000000
7.070000	16.954000	0.000000
7.080000	16.954000	0.000000
7.090000	16.954000	0.000000
<END DATA>
