<Mach-1 File>
<INFO>
Date:	Tue, Apr 07, 2026
Time:	16:44:08.929
Mach-1 Motion Software Version:	4.5.0.1
Mach-1 System S/N:	MA0561195
Mach-1 System Model:	V500c
Load Cell Name:	100N-SN195168
Load Cell Type:	Single-axis
Load Cell Calibration Factor:	1.003782
Load Cell Offset:	31.000000
Load Cell Calibration Date:	2025-08-20
Load Cell Low-pass filter:	Yes
Load Cell Low-pass filter Order:	3
Load Cell Low-pass filter Cutoff frequency (Hz):	20.00
<END INFO>
<Find Contact>
Stage Axis:	Position (z)
Load Cell Axis:	Fz
Direction:	Positive
Contact Criteria, gf:	1.000000
Stage Velocity, mm/s:	0.2000
Stage Limit, mm:	10.0000
Stage Repositioning:	None
Offset, mm:	0.0000
<DATA>
Time, s	Position (z), mm	Fz, gf
0.000000	16.355000	0.000000
0.010000	16.355000	0.000000
0.020000	16.355000	0.000000
0.030000	16.355000	0.000000
0.040000	16.355000	0.000000
0.050000	16.355000	0.000000
0.060000	16.355000	0.000000
0.070000	16.355000	0.000000
0.080000	16.355000	0.000000
0.090000	16.355000	0.501891
0.100000	16.355000	0.000000
0.110000	16.355000	0.000000
0.120000	16.355000	0.000000
0.130000	16.355000	0.000000
0.140000	16.355000	0.000000
0.150000	16.355000	0.000000
0.160000	16.355000	0.000000
0.170000	16.355000	0.000000
0.180000	16.355000	0.000000
0.190000	16.355000	0.000000
0.200000	16.355000	0.000000
0.210000	16.355000	0.000000
0.220000	16.355000	0.000000
0.230000	16.355000	0.000000
0.240000	16.355000	0.000000
0.250000	16.355000	0.000000
0.260000	16.355000	0.000000
0.270000	16.355000	0.000000
0.280000	16.355019	0.000000
0.290000	16.355201	0.000000
0.300000	16.355493	0.000000
0.310000	16.356433	0.000000
0.320000	16.358561	0.501891
0.330000	16.361205	0.000000
0.340000	16.363726	0.000000
0.350000	16.365962	0.000000
0.360000	16.368061	0.000000
0.370000	16.370182	0.000000
0.380000	16.372315	0.000000
0.390000	16.374383	0.000000
0.400000	16.376435	0.000000
0.410000	16.378507	0.000000
0.420000	16.380610	0.000000
0.430000	16.382683	0.000000
0.440000	16.384757	0.000000
0.450000	16.386784	0.000000
0.460000	16.388734	0.000000
0.470000	16.390721	0.000000
0.480000	16.392810	0.000000
0.490000	16.394881	0.000000
0.500000	16.396904	0.000000
0.510000	16.398919	0.000000
0.520000	16.400946	0.000000
0.530000	16.402939	0.000000
0.540000	16.404898	0.000000
0.550000	16.406866	0.000000
0.560000	16.408872	0.000000
0.570000	16.410874	0.000000
0.580000	16.412849	0.000000
0.590000	16.414816	0.000000
0.600000	16.416843	0.000000
0.610000	16.418942	0.000000
0.620000	16.421228	0.000000
0.630000	16.423572	0.000000
0.640000	16.425734	0.000000
0.650000	16.427695	0.000000
0.660000	16.429669	0.000000
0.670000	16.431686	0.000000
0.680000	16.433577	0.000000
0.690000	16.435223	0.000000
0.700000	16.436926	0.000000
0.710000	16.438839	0.000000
0.720000	16.440855	0.000000
0.730000	16.442889	0.000000
0.740000	16.444895	0.000000
0.750000	16.446882	0.000000
0.760000	16.448844	0.000000
0.770000	16.450833	0.000000
0.780000	16.452860	0.000000
0.790000	16.454891	0.000000
0.800000	16.456906	0.000000
0.810000	16.458845	0.000000
0.820000	16.460797	0.000000
0.830000	16.462831	0.000000
0.840000	16.464889	0.000000
0.850000	16.466944	0.000000
0.860000	16.469092	0.000000
0.870000	16.471365	0.000000
0.880000	16.473620	0.000000
0.890000	16.475711	0.000000
0.900000	16.477666	0.000000
0.910000	16.479587	0.000000
0.920000	16.481538	0.000000
0.930000	16.483484	0.000000
0.940000	16.485278	0.000000
0.950000	16.487023	0.000000
0.960000	16.488960	0.000000
0.970000	16.491021	0.000000
0.980000	16.493021	0.000000
0.990000	16.494974	0.000000
1.000000	16.496921	0.000000
1.010000	16.498901	0.000000
1.020000	16.500866	0.000000
1.030000	16.502823	0.000000
1.040000	16.504859	0.000000
1.050000	16.506916	0.000000
1.060000	16.508943	0.000000
1.070000	16.511097	0.000000
1.080000	16.513436	0.000000
1.090000	16.515626	0.000000
1.100000	16.517557	0.000000
1.110000	16.519164	0.000000
1.120000	16.520778	0.000000
1.130000	16.522640	0.000000
1.140000	16.524675	0.000000
1.150000	16.526750	0.000000
1.160000	16.528825	0.000000
1.170000	16.530892	0.000000
1.180000	16.532928	0.000000
1.190000	16.534920	0.000000
1.200000	16.536912	0.000000
1.210000	16.538893	0.000000
1.220000	16.540862	0.000000
1.230000	16.542861	0.000000
1.240000	16.544901	0.000000
1.250000	16.546910	0.000000
1.260000	16.548889	0.000000
1.270000	16.550849	0.501891
1.280000	16.552826	0.501891
1.290000	16.554788	0.000000
1.300000	16.556736	0.000000
1.310000	16.558743	0.000000
1.320000	16.560813	0.000000
1.330000	16.562855	0.000000
1.340000	16.564837	0.000000
1.350000	16.566822	0.000000
1.360000	16.568825	0.000000
1.370000	16.570841	0.000000
1.380000	16.572860	0.000000
1.390000	16.574895	0.000000
1.400000	16.576913	0.000000
1.410000	16.578933	0.000000
1.420000	16.580958	0.000000
1.430000	16.582990	0.000000
1.440000	16.584994	0.000000
1.450000	16.587081	0.000000
1.460000	16.589347	0.000000
1.470000	16.591595	0.000000
1.480000	16.593641	0.501891
1.490000	16.595445	0.501891
1.500000	16.597050	0.000000
1.510000	16.598821	0.501891
1.520000	16.600820	0.000000
1.530000	16.602900	0.000000
1.540000	16.604937	0.000000
1.550000	16.606924	0.000000
1.560000	16.608924	0.000000
1.570000	16.610939	0.501891
1.580000	16.612955	0.000000
1.590000	16.614937	0.000000
1.600000	16.616964	0.000000
1.610000	16.619004	0.000000
1.620000	16.621291	0.000000
1.630000	16.623657	0.000000
1.640000	16.625783	0.000000
1.650000	16.627744	0.000000
1.660000	16.629695	0.000000
1.670000	16.631624	0.000000
1.680000	16.633584	0.000000
1.690000	16.635578	0.000000
1.700000	16.637602	0.000000
1.710000	16.639584	0.000000
1.720000	16.641616	0.000000
1.730000	16.643638	0.000000
1.740000	16.645644	0.000000
1.750000	16.647627	0.000000
1.760000	16.649607	0.000000
1.770000	16.651555	0.000000
1.780000	16.653365	0.000000
1.790000	16.655145	0.000000
1.800000	16.657061	0.000000
1.810000	16.659138	0.000000
1.820000	16.661335	0.000000
1.830000	16.663552	0.000000
1.840000	16.665613	0.000000
1.850000	16.667451	0.000000
1.860000	16.669110	0.000000
1.870000	16.670885	0.000000
1.880000	16.672826	0.000000
1.890000	16.674811	0.000000
1.900000	16.676881	0.000000
1.910000	16.678960	0.000000
1.920000	16.681000	0.000000
1.930000	16.683134	0.000000
1.940000	16.685366	0.000000
1.950000	16.687579	0.000000
1.960000	16.689663	0.000000
1.970000	16.691670	0.000000
1.980000	16.693636	0.501891
1.990000	16.695591	0.000000
2.000000	16.697453	0.000000
2.010000	16.699171	0.000000
2.020000	16.700993	0.000000
2.030000	16.703068	0.000000
2.040000	16.705190	0.000000
2.050000	16.707127	0.000000
2.060000	16.708977	0.000000
2.070000	16.710895	0.000000
2.080000	16.712883	0.000000
2.090000	16.714887	0.000000
2.100000	16.716870	0.000000
2.110000	16.718823	0.000000
2.120000	16.720811	0.000000
2.130000	16.722834	0.000000
2.140000	16.724834	0.000000
2.150000	16.726848	0.000000
2.160000	16.728900	0.000000
2.170000	16.730951	0.000000
2.180000	16.733005	0.000000
2.190000	16.734995	0.000000
2.200000	16.736955	0.000000
2.210000	16.738910	0.000000
2.220000	16.740872	0.000000
2.230000	16.742861	0.000000
2.240000	16.744870	0.000000
2.250000	16.746871	0.000000
2.260000	16.748890	0.000000
2.270000	16.750933	0.000000
2.280000	16.752918	0.000000
2.290000	16.754879	0.000000
2.300000	16.756865	0.000000
2.310000	16.758863	0.000000
2.320000	16.760862	0.000000
2.330000	16.762880	0.000000
2.340000	16.764927	0.000000
2.350000	16.767009	0.000000
2.360000	16.769217	0.000000
2.370000	16.771474	0.000000
2.380000	16.773642	0.000000
2.390000	16.775621	0.000000
2.400000	16.777503	0.000000
2.410000	16.779405	0.000000
2.420000	16.781172	0.000000
2.430000	16.782946	0.000000
2.440000	16.784909	0.000000
2.450000	16.786953	0.000000
2.460000	16.788950	0.000000
2.470000	16.790873	0.000000
2.480000	16.792822	0.000000
2.490000	16.794861	0.000000
2.500000	16.796893	0.000000
2.510000	16.798889	0.000000
2.520000	16.800848	0.000000
2.530000	16.802857	0.000000
2.540000	16.804931	0.000000
2.550000	16.807211	0.000000
2.560000	16.809548	0.000000
2.570000	16.811696	0.000000
2.580000	16.813672	0.000000
2.590000	16.815605	0.000000
2.600000	16.817487	0.501891
2.610000	16.819177	0.000000
2.620000	16.820919	0.000000
2.630000	16.822831	0.000000
2.640000	16.824809	0.000000
2.650000	16.826807	0.000000
2.660000	16.828828	0.000000
2.670000	16.830843	0.000000
2.680000	16.832868	0.000000
2.690000	16.834898	0.000000
2.700000	16.836921	0.000000
2.710000	16.838971	0.000000
2.720000	16.841203	0.000000
2.730000	16.843585	0.000000
2.740000	16.845748	0.000000
2.750000	16.847721	0.000000
2.760000	16.849613	0.000000
2.770000	16.851506	0.000000
2.780000	16.853503	0.000000
2.790000	16.855553	0.000000
2.800000	16.857466	0.000000
2.810000	16.859278	0.000000
2.820000	16.861295	0.000000
2.830000	16.863508	0.000000
2.840000	16.865649	0.000000
2.850000	16.867619	0.000000
2.860000	16.869357	0.000000
2.870000	16.870999	0.501891
2.880000	16.872822	0.501891
2.890000	16.874840	0.000000
2.900000	16.876937	0.000000
2.910000	16.878972	0.501891
2.920000	16.881036	0.501891
2.930000	16.883154	0.501891
2.940000	16.885231	0.501891
2.950000	16.887196	0.501891
2.960000	16.889036	0.501891
2.970000	16.890891	0.501891
2.980000	16.892855	0.501891
2.990000	16.894880	0.501891
3.000000	16.896888	0.501891
3.010000	16.898887	0.501891
3.020000	16.900908	0.501891
3.030000	16.902931	0.501891
3.040000	16.905040	0.501891
3.050000	16.907358	0.501891
3.060000	16.909620	0.501891
3.070000	16.911732	0.501891
3.080000	16.913732	1.003782
3.090000	16.915713	1.003782
3.100000	16.917717	1.003782
3.110000	16.919691	1.003782
3.120000	16.921658	1.003782
3.130000	16.923621	1.003782
3.140000	16.925603	1.003782
3.150000	16.927464	1.003782
3.160000	16.929152	1.003782
3.170000	16.930935	1.003782
3.180000	16.932871	1.003782
3.190000	16.934803	1.003782
3.200000	16.936202	1.003782
3.210000	16.936696	1.003782
3.220000	16.936642	1.505672
3.230000	16.936503	1.505672
3.240000	16.936458	1.505672
3.250000	16.936477	1.505672
3.260000	16.936500	1.003782
3.270000	16.936507	1.003782
3.280000	16.936503	1.505672
3.290000	16.936500	1.505672
3.300000	16.936499	1.505672
3.310000	16.936500	1.505672
3.320000	16.936500	1.505672
3.330000	16.936500	1.505672
3.340000	16.936500	1.505672
3.350000	16.936500	1.003782
3.360000	16.936500	1.003782
3.370000	16.936500	1.505672
3.380000	16.936500	1.505672
3.390000	16.936500	1.505672
3.400000	16.936500	1.003782
3.410000	16.936500	1.003782
3.420000	16.936500	1.003782
3.430000	16.936500	1.003782
3.440000	16.936500	1.003782
3.450000	16.936500	1.003782
3.460000	16.936500	1.505672
3.470000	16.936500	1.505672
3.480000	16.936500	1.003782
3.490000	16.936500	1.003782
3.500000	16.937000	1.505672
3.510000	16.937000	1.505672
3.520000	16.937000	1.505672
3.530000	16.937000	1.003782
3.540000	16.937000	1.003782
3.550000	16.937000	1.003782
3.560000	16.937000	1.505672
3.570000	16.937000	1.505672
3.580000	16.937000	1.505672
3.590000	16.937000	1.003782
3.600000	16.937000	1.003782
3.610000	16.937000	1.003782
3.620000	16.937000	1.003782
3.630000	16.937000	1.003782
3.640000	16.937000	1.003782
3.650000	16.936984	1.003782
3.660000	16.936797	1.003782
3.670000	16.936568	1.003782
3.680000	16.936466	1.003782
3.690000	16.936469	1.003782
3.700000	16.936495	1.003782
3.710000	16.936507	1.003782
3.720000	16.936505	1.003782
3.730000	16.936500	1.003782
3.740000	16.936499	1.003782
3.750000	16.936499	1.003782
3.760000	16.936500	1.003782
3.770000	16.936500	1.505672
3.780000	16.936500	1.003782
3.790000	16.936500	1.003782
<END DATA>
<INFO>
Date:	Tue, Apr 07, 2026
Time:	16:44:12.729
Mach-1 Motion Software Version:	4.5.0.1
Mach-1 System S/N:	MA0561195
Mach-1 System Model:	V500c
Load Cell Name:	100N-SN195168
Load Cell Type:	Single-axis
Load Cell Calibration Factor:	1.003782
Load Cell Offset:	31.000000
Load Cell Calibration Date:	2025-08-20
Load Cell Low-pass filter:	Yes
Load Cell Low-pass filter Order:	3
Load Cell Low-pass filter Cutoff frequency (Hz):	20.00
<END INFO>
<Sinusoid>
Stage Axis:	Position (z)
Amplitude, mm:	5.0000
Frequency, Hz:	1.00000
Number of Cycles:	5
<DATA>
Time, s	Position (z), mm	Fz, gf
0.000000	16.936500	1.003782
0.010000	16.936500	1.003782
0.020000	16.936500	1.003782
0.030000	16.936500	1.003782
0.040000	16.936500	1.505672
0.050000	16.936500	1.505672
0.060000	16.936500	1.003782
0.070000	16.936500	1.003782
0.080000	16.936500	1.003782
0.090000	16.936500	1.003782
0.100000	16.936500	1.003782
0.110000	16.936500	1.003782
0.120000	16.936500	1.003782
0.130000	16.936500	1.003782
0.140000	16.936500	1.003782
0.150000	16.936500	1.003782
0.160000	16.936500	1.003782
0.170000	16.936500	1.003782
0.180000	16.936500	1.505672
0.190000	16.936500	1.003782
0.200000	16.936000	1.003782
0.210000	16.936000	1.003782
0.220000	16.936000	1.003782
0.230000	16.936000	1.003782
0.240000	16.936000	1.003782
0.250000	16.936000	1.003782
0.260000	16.936000	1.003782
0.270000	16.936000	1.003782
0.280000	16.936000	1.003782
0.290000	16.936000	1.003782
0.300000	16.936000	1.003782
0.310000	16.936000	1.003782
0.320000	16.936000	1.003782
0.330000	16.936000	1.003782
0.340000	16.936000	1.003782
0.350000	16.936000	1.003782
0.360000	16.936000	1.003782
0.370000	16.936000	1.003782
0.380000	16.936000	1.003782
0.390000	16.936000	1.003782
0.400000	16.936000	1.003782
0.410000	16.936000	1.003782
0.420000	16.936000	1.003782
0.430000	16.936000	1.003782
0.440000	16.936000	1.003782
0.450000	16.936000	1.003782
0.460000	16.936000	1.003782
0.470000	16.936000	1.003782
0.480000	16.936000	1.003782
0.490000	16.936000	1.003782
0.500000	16.936000	1.003782
0.510000	16.936000	1.003782
0.520000	16.936000	1.003782
0.530000	16.936000	1.003782
0.540000	16.936000	1.003782
0.550000	16.936000	1.003782
0.560000	16.936000	1.003782
0.570000	16.936000	1.003782
0.580000	16.936000	1.003782
0.590000	16.936000	1.003782
0.600000	16.936000	1.003782
0.610000	16.936000	1.003782
0.620000	16.936000	1.003782
0.630000	16.936000	1.003782
0.640000	16.936000	1.003782
0.650000	16.936000	1.003782
0.660000	16.936000	1.003782
0.670000	16.936000	1.003782
0.680000	16.936000	1.003782
0.690000	16.936000	1.003782
0.700000	16.936000	1.003782
0.710000	16.936000	1.003782
0.720000	16.936000	1.505672
0.730000	16.936000	1.505672
0.740000	16.936000	1.505672
0.750000	16.936000	1.003782
0.760000	16.936000	1.003782
0.770000	16.936000	1.003782
0.780000	16.936000	1.003782
0.790000	16.936000	1.003782
0.800000	16.936000	1.003782
0.810000	16.936000	1.003782
0.820000	16.936000	1.003782
0.830000	16.936000	1.003782
0.840000	16.936000	1.003782
0.850000	16.936000	1.003782
0.860000	16.936000	1.003782
0.870000	16.936000	1.003782
0.880000	16.936000	1.003782
0.890000	16.936000	1.003782
0.900000	16.936000	1.003782
0.910000	16.936000	1.003782
0.920000	16.936000	1.003782
0.930000	16.936000	1.003782
0.940000	16.936000	1.003782
0.950000	16.936000	1.003782
0.960000	16.936000	1.003782
0.970000	16.936000	1.003782
0.980000	16.936000	1.003782
0.990000	16.936000	1.003782
1.000000	16.936000	1.003782
1.010000	16.936000	1.003782
1.020000	16.936000	1.003782
1.030000	16.936000	1.003782
1.040000	16.936000	1.003782
1.050000	16.936000	1.003782
1.060000	16.936000	1.003782
1.070000	16.936000	1.003782
1.080000	16.936000	1.003782
1.090000	16.936000	1.003782
1.100000	16.936000	1.003782
1.110000	16.936000	1.003782
1.120000	16.936000	1.003782
1.130000	16.936000	1.505672
1.140000	16.936000	1.505672
1.150000	16.936000	1.003782
1.160000	16.936000	1.003782
1.170000	16.936013	1.003782
1.180000	16.936478	1.003782
1.190000	16.941614	2.007563
1.200000	16.958570	3.011345
1.210000	16.991857	4.015126
1.220000	17.045128	6.022690
1.230000	17.122606	9.034034
1.240000	17.228691	13.551052
1.250000	17.367795	19.071850
1.260000	17.541779	25.596431
1.270000	17.748612	33.124793
1.280000	17.983584	41.656936
1.290000	18.241457	50.690971
1.300000	18.517410	60.728787
1.310000	18.806986	70.766603
1.320000	19.105676	80.804419
1.330000	19.409104	90.340344
1.340000	19.712696	99.876269
1.350000	20.012342	108.408413
1.360000	20.303704	115.936775
1.370000	20.582145	122.963246
1.380000	20.843114	128.985935
1.390000	21.081975	134.506734
1.400000	21.294184	139.023751
1.410000	21.475200	142.536987
1.420000	21.621363	145.046441
1.430000	21.733152	146.050222
1.440000	21.814249	146.552113
1.450000	21.870150	146.552113
1.460000	21.905948	146.050222
1.470000	21.926098	145.046441
1.480000	21.935001	143.540768
1.490000	21.937220	142.536987
1.500000	21.936995	141.533205
1.510000	21.936732	140.529424
1.520000	21.936811	140.027533
1.530000	21.936956	139.023751
1.540000	21.936804	138.019970
1.550000	21.934520	137.518079
1.560000	21.924144	136.012406
1.570000	21.899703	134.004843
1.580000	21.857109	130.993498
1.590000	21.792809	127.480263
1.600000	21.702377	122.963246
1.610000	21.581043	117.442447
1.620000	21.425283	111.419757
1.630000	21.234992	104.895177
1.640000	21.013809	97.366815
1.650000	20.767149	89.838453
1.660000	20.500182	81.306309
1.670000	20.217340	72.272275
1.680000	19.922953	63.238241
1.690000	19.621585	54.204206
1.700000	19.317524	44.668281
1.710000	19.013303	35.132356
1.720000	18.709720	26.600212
1.730000	18.406494	18.068069
1.740000	18.103025	10.037816
1.750000	17.799352	3.513236
1.760000	17.495916	0.000000
1.770000	17.192461	-0.501891
1.780000	16.888721	0.000000
1.790000	16.585029	0.501891
1.800000	16.281639	0.501891
1.810000	15.978287	0.000000
1.820000	15.674766	0.000000
1.830000	15.371339	0.000000
1.840000	15.067841	0.000000
1.850000	14.764234	0.000000
1.860000	14.460946	0.000000
1.870000	14.158325	0.000000
1.880000	13.858981	0.501891
1.890000	13.567577	1.003782
1.900000	13.289106	1.003782
1.910000	13.028225	1.003782
1.920000	12.789550	1.003782
1.930000	12.577552	1.003782
1.940000	12.396703	1.003782
1.950000	12.250593	1.505672
1.960000	12.138665	1.003782
1.970000	12.057289	1.003782
1.980000	12.001354	1.003782
1.990000	11.965768	0.501891
2.000000	11.945706	0.501891
2.010000	11.936760	0.501891
2.020000	11.934310	0.000000
2.030000	11.934320	0.000000
2.040000	11.934624	0.000000
2.050000	11.934846	0.000000
2.060000	11.937389	0.501891
2.070000	11.949112	0.501891
2.080000	11.975867	1.003782
2.090000	12.021490	1.003782
2.100000	12.089710	1.003782
2.110000	12.184795	1.003782
2.120000	12.311325	1.505672
2.130000	12.472578	1.505672
2.140000	12.667972	1.505672
2.150000	12.893412	1.003782
2.160000	13.143564	1.003782
2.170000	13.413350	1.003782
2.180000	13.698183	0.501891
2.190000	13.993758	0.501891
2.200000	14.295708	0.501891
2.210000	14.599982	0.000000
2.220000	14.904199	0.000000
2.230000	15.207874	0.000000
2.240000	15.511233	0.000000
2.250000	15.814358	0.000000
2.260000	16.117637	0.000000
2.270000	16.421266	0.000000
2.280000	16.725048	0.501891
2.290000	17.028762	4.015126
2.300000	17.332333	12.547270
2.310000	17.635579	24.592649
2.320000	17.938793	36.638028
2.330000	18.242145	47.679626
2.340000	18.545705	57.717442
2.350000	18.849418	67.253367
2.360000	19.153104	76.789292
2.370000	19.456604	86.325217
2.380000	19.758853	95.359252
2.390000	20.057099	103.891395
2.400000	20.346803	111.419757
2.410000	20.622923	118.948119
2.420000	20.880867	125.472700
2.430000	21.115894	131.495389
2.440000	21.323591	136.012406
2.450000	21.499439	140.027533
2.460000	21.640241	142.536987
2.470000	21.747080	143.540768
2.480000	21.824060	144.544550
2.490000	21.876619	144.042659
2.500000	21.909766	143.540768
2.510000	21.927938	143.038878
2.520000	21.935560	141.533205
2.530000	21.937199	140.529424
2.540000	21.936764	139.525642
2.550000	21.936513	139.023751
2.560000	21.936734	138.019970
2.570000	21.936924	137.016188
2.580000	21.936354	136.514297
2.590000	21.931323	135.510516
2.600000	21.915269	133.502952
2.610000	21.883296	131.495389
2.620000	21.831567	127.982154
2.630000	21.756319	123.967027
2.640000	21.652882	118.948119
2.650000	21.516670	113.427321
2.660000	21.345410	106.902740
2.670000	21.140899	100.378160
2.680000	20.907879	92.849798
2.690000	20.651667	84.819545
2.700000	20.377162	76.287401
2.710000	20.088672	67.253367
2.720000	19.790693	58.219333
2.730000	19.487753	48.683407
2.740000	19.183491	39.649373
2.750000	18.879578	31.117230
2.760000	18.576172	22.083195
2.770000	18.272887	14.052942
2.780000	17.969257	6.524580
2.790000	17.665666	1.003782
2.800000	17.362256	-0.501891
2.810000	17.058685	-0.501891
2.820000	16.755033	0.000000
2.830000	16.451664	0.000000
2.840000	16.148229	0.000000
2.850000	15.844603	0.000000
2.860000	15.541199	0.000000
2.870000	15.237814	0.000000
2.880000	14.934173	0.000000
2.890000	14.630541	0.000000
2.900000	14.327408	0.000000
2.910000	14.025753	0.000000
2.920000	13.729315	0.501891
2.930000	13.443055	0.501891
2.940000	13.171742	1.003782
2.950000	12.920053	1.003782
2.960000	12.692570	1.003782
2.970000	12.493794	1.505672
2.980000	12.327994	1.505672
2.990000	12.197229	1.505672
3.000000	12.099272	1.003782
3.010000	12.029754	1.003782
3.020000	11.983455	1.003782
3.030000	11.955312	0.501891
3.040000	11.940687	0.501891
3.050000	11.935155	0.000000
3.060000	11.934205	0.000000
3.070000	11.934499	0.000000
3.080000	11.934823	0.000000
3.090000	11.936879	0.501891
3.100000	11.947306	0.501891
3.110000	11.972369	1.003782
3.120000	12.016018	1.003782
3.130000	12.081812	1.003782
3.140000	12.174049	1.003782
3.150000	12.297268	1.505672
3.160000	12.455048	1.505672
3.170000	12.647150	1.505672
3.180000	12.869812	1.003782
3.190000	13.117748	1.003782
3.200000	13.385818	0.501891
3.210000	13.669376	0.501891
3.220000	13.964139	0.501891
3.230000	14.265692	0.000000
3.240000	14.569877	0.000000
3.250000	14.874049	0.000000
3.260000	15.177738	0.000000
3.270000	15.481116	0.000000
3.280000	15.784164	0.000000
3.290000	16.087390	0.000000
3.300000	16.390973	0.000000
3.310000	16.694705	0.000000
3.320000	16.998457	1.505672
3.330000	17.302090	8.030253
3.340000	17.605391	19.071850
3.350000	17.908682	30.615339
3.360000	18.212317	41.656936
3.370000	18.515994	51.694752
3.380000	18.819542	61.230677
3.390000	19.123044	70.766603
3.400000	19.426496	80.302528
3.410000	19.728947	88.834671
3.420000	20.027791	97.366815
3.430000	20.318594	105.397068
3.440000	20.596261	112.925430
3.450000	20.856213	119.951901
3.460000	21.093735	125.974590
3.470000	21.304313	130.993498
3.480000	21.483477	135.008625
3.490000	21.627763	138.019970
3.500000	21.737833	140.027533
3.510000	21.817552	141.031314
3.520000	21.872340	141.031314
3.530000	21.907230	140.529424
3.540000	21.926645	140.027533
3.550000	21.935103	139.023751
3.560000	21.937162	138.521860
3.570000	21.936812	137.518079
3.580000	21.936376	136.514297
3.590000	21.936536	135.510516
3.600000	21.936882	135.008625
3.610000	21.936877	134.506734
3.620000	21.935076	133.502952
3.630000	21.925998	131.997280
3.640000	21.903631	130.491608
3.650000	21.863661	127.982154
3.660000	21.802344	123.967027
3.670000	21.715515	119.450010
3.680000	21.598430	113.929211
3.690000	21.447142	108.408413
3.700000	21.261142	101.883832
3.710000	21.043696	94.857361
3.720000	20.800048	87.328999
3.730000	20.535371	79.298746
3.740000	20.254286	70.264712
3.750000	19.961199	61.230677
3.760000	19.660561	52.196643
3.770000	19.356710	43.162609
3.780000	19.052502	34.128574
3.790000	18.748840	25.596431
3.800000	18.445542	17.064287
3.810000	18.142192	9.034034
3.820000	17.838672	3.011345
3.830000	17.535127	-0.501891
3.840000	17.231588	-0.501891
3.850000	16.927871	0.000000
3.860000	16.624254	0.501891
3.870000	16.320964	0.000000
3.880000	16.017442	0.000000
3.890000	15.713943	0.000000
3.900000	15.410560	0.000000
3.910000	15.107064	0.000000
3.920000	14.803350	0.000000
3.930000	14.499899	0.000000
3.940000	14.197137	0.501891
3.950000	13.897178	0.501891
3.960000	13.604484	0.501891
3.970000	13.324074	0.501891
3.980000	13.060652	1.003782
3.990000	12.818843	1.003782
4.000000	12.603159	1.505672
4.010000	12.418108	1.505672
4.020000	12.267459	1.505672
4.030000	12.151288	1.505672
4.040000	12.066215	1.003782
4.050000	12.007267	1.003782
4.060000	11.969325	0.501891
4.070000	11.947519	0.501891
4.080000	11.937390	0.501891
4.090000	11.934422	0.000000
4.100000	11.934325	0.000000
4.110000	11.934641	0.000000
4.120000	11.935170	0.000000
4.130000	11.939810	0.501891
4.140000	11.955742	0.501891
4.150000	11.988016	1.003782
4.160000	12.040175	1.003782
4.170000	12.116246	1.003782
4.180000	12.220606	1.505672
4.190000	12.357827	1.505672
4.200000	12.530019	1.505672
4.210000	12.735310	1.003782
4.220000	12.968969	1.003782
4.230000	13.225708	1.003782
4.240000	13.500626	0.501891
4.250000	13.789303	0.501891
4.260000	14.087355	0.501891
4.270000	14.390445	0.000000
4.280000	14.694949	0.000000
4.290000	14.998988	0.000000
4.300000	15.302409	0.000000
4.310000	15.605592	0.000000
4.320000	15.908776	0.000000
4.330000	16.212173	0.000000
4.340000	16.515738	0.000000
4.350000	16.819421	0.000000
4.360000	17.123168	3.011345
4.370000	17.426747	10.539707
4.380000	17.729952	22.083195
4.390000	18.033238	33.626684
4.400000	18.336768	44.166390
4.410000	18.640509	54.204206
4.420000	18.944195	63.740131
4.430000	19.247658	72.774166
4.440000	19.550838	81.808200
4.450000	19.852343	90.340344
4.460000	20.148483	98.872487
4.470000	20.434449	106.400849
4.480000	20.705408	113.929211
4.490000	20.956712	120.453792
4.500000	21.183722	126.476481
4.510000	21.381943	130.993498
4.520000	21.546995	134.506734
4.530000	21.676981	137.016188
4.540000	21.773998	138.521860
4.550000	21.842809	139.525642
4.560000	21.888828	139.525642
4.570000	21.916783	139.023751
4.580000	21.931158	138.019970
4.590000	21.936466	137.016188
4.600000	21.937136	136.514297
4.610000	21.936578	135.510516
4.620000	21.936287	134.506734
4.630000	21.936353	134.004843
4.640000	21.936482	133.502952
4.650000	21.936063	132.499171
4.660000	21.930978	131.495389
4.670000	21.914639	129.989717
4.680000	21.882168	127.480263
4.690000	21.829774	124.468918
4.700000	21.753647	120.453792
4.710000	21.649127	115.434884
4.720000	21.511788	109.412194
4.730000	21.339451	103.389505
4.740000	21.134005	96.864924
4.750000	20.900161	89.336562
4.760000	20.643277	81.306309
4.770000	20.368240	72.774166
4.780000	20.079402	64.242022
4.790000	19.781229	54.706097
4.800000	19.478210	45.672063
4.810000	19.173938	36.638028
4.820000	18.870045	28.105885
4.830000	18.566644	19.573741
4.840000	18.263379	11.543488
4.850000	17.959813	4.517017
4.860000	17.656267	0.501891
4.870000	17.352785	-1.003782
4.880000	17.049063	-0.501891
4.890000	16.745424	0.000000
4.900000	16.442152	0.501891
4.910000	16.138742	0.501891
4.920000	15.835147	0.000000
4.930000	15.531733	0.000000
4.940000	15.228256	0.000000
4.950000	14.924535	0.000000
4.960000	14.621049	0.000000
4.970000	14.317990	0.000000
4.980000	14.016384	0.501891
4.990000	13.720154	0.501891
5.000000	13.434243	0.501891
5.010000	13.163483	0.501891
5.020000	12.912524	1.003782
5.030000	12.685889	1.003782
5.040000	12.488062	1.505672
5.050000	12.323387	1.505672
5.060000	12.193729	1.505672
5.070000	12.096826	1.003782
5.080000	12.028099	1.003782
5.090000	11.982333	0.501891
5.100000	11.954632	0.501891
5.110000	11.940396	0.501891
5.120000	11.935125	0.501891
5.130000	11.934297	0.000000
5.140000	11.934570	0.000000
5.150000	11.934908	0.000000
5.160000	11.937597	0.501891
5.170000	11.949634	0.501891
5.180000	11.976807	0.501891
5.190000	12.022867	1.003782
5.200000	12.091562	1.003782
5.210000	12.187277	1.003782
5.220000	12.314547	1.505672
5.230000	12.476598	1.505672
5.240000	12.672753	1.003782
5.250000	12.898789	1.003782
5.260000	13.149362	1.003782
5.270000	13.419486	0.501891
5.280000	13.704631	0.501891
5.290000	14.000443	0.501891
5.300000	14.302519	0.501891
5.310000	14.606845	0.000000
5.320000	14.910995	0.000000
5.330000	15.214559	0.000000
5.340000	15.517827	0.000000
5.350000	15.820963	0.000000
5.360000	16.124295	0.501891
5.370000	16.427898	0.000000
5.380000	16.731640	0.000000
5.390000	17.035359	1.003782
5.400000	17.338894	7.026471
5.410000	17.642146	17.566178
5.420000	17.945413	29.109666
5.430000	18.248849	40.151264
5.440000	18.552338	50.189080
5.450000	18.855958	59.725005
5.460000	19.159644	68.759039
5.470000	19.463125	78.294965
5.480000	19.765508	86.827108
5.490000	20.063664	95.359252
5.500000	20.353127	102.887614
5.510000	20.628901	110.415976
5.520000	20.886329	117.442447
5.530000	21.120786	123.465137
5.540000	21.327807	128.484044
5.550000	21.502892	132.499171
5.560000	21.642936	135.510516
5.570000	21.749081	137.016188
5.580000	21.825480	138.019970
5.590000	21.877576	138.019970
5.600000	21.910338	137.518079
5.610000	21.928189	137.016188
5.620000	21.935632	136.514297
5.630000	21.937197	135.510516
5.640000	21.936742	134.506734
5.650000	21.936453	133.502952
5.660000	21.936686	133.001062
5.670000	21.936826	132.499171
5.680000	21.935390	131.997280
5.690000	21.927049	130.491608
5.700000	21.905668	128.484044
5.710000	21.866968	125.974590
5.720000	21.807249	122.461355
5.730000	21.722367	117.944338
5.740000	21.607506	112.423539
5.750000	21.458652	106.902740
5.760000	21.274955	100.880051
5.770000	21.059499	93.853579
5.780000	20.817464	86.325217
5.790000	20.554094	77.793074
5.800000	20.274088	69.260930
5.810000	19.981679	60.226896
5.820000	19.681359	51.192861
5.830000	19.377550	42.158827
5.840000	19.073314	33.124793
5.850000	18.769640	24.592649
5.860000	18.466338	16.060506
5.870000	18.163001	8.532144
5.880000	17.859422	2.509454
5.890000	17.555860	-0.501891
5.900000	17.252290	-0.501891
5.910000	16.948782	0.000000
5.920000	16.645302	0.501891
5.930000	16.341951	0.501891
5.940000	16.038524	0.501891
5.950000	15.734999	0.000000
5.960000	15.431452	0.000000
5.970000	15.127823	0.000000
5.980000	14.824135	0.000000
5.990000	14.520760	0.000000
6.000000	14.217919	0.000000
6.010000	13.917604	0.501891
6.020000	13.624250	0.501891
6.030000	13.342814	1.003782
6.040000	13.078063	1.003782
6.050000	12.834688	1.003782
6.060000	12.617102	1.003782
6.070000	12.429810	1.505672
6.080000	12.276724	1.505672
6.090000	12.158235	1.505672
6.100000	12.071176	1.003782
6.110000	12.010622	1.003782
6.120000	11.971399	0.501891
6.130000	11.948639	0.501891
6.140000	11.937857	0.501891
6.150000	11.934501	0.501891
6.160000	11.934277	0.000000
6.170000	11.934598	0.000000
6.180000	11.934671	0.000000
6.190000	11.934605	0.000000
6.200000	11.935257	0.000000
6.210000	11.941061	0.501891
6.220000	11.958857	1.003782
6.230000	11.993209	1.003782
6.240000	12.047737	1.003782
6.250000	12.126738	1.003782
6.260000	12.234546	1.505672
6.270000	12.375589	1.505672
6.280000	12.551646	1.003782
6.290000	12.760364	1.003782
6.300000	12.996916	1.003782
6.310000	13.255991	0.501891
6.320000	13.532677	0.501891
6.330000	13.822649	0.501891
6.340000	14.121586	0.501891
6.350000	14.425057	0.000000
6.360000	14.728729	0.000000
6.370000	15.028135	0.000000
6.380000	15.318905	-0.501891
6.390000	15.596431	-0.501891
6.400000	15.856198	-0.501891
6.410000	16.093696	-1.003782
6.420000	16.304343	-1.003782
6.430000	16.483540	-1.003782
6.440000	16.627962	-1.003782
6.450000	16.738038	-1.003782
6.460000	16.817686	-1.003782
6.470000	16.872431	-0.501891
6.480000	16.907297	-0.501891
6.490000	16.926756	0.000000
6.500000	16.935157	0.000000
6.510000	16.937156	0.000000
6.520000	16.936794	0.000000
6.530000	16.936341	0.000000
6.540000	16.936304	0.000000
6.550000	16.936439	0.000000
6.560000	16.936523	0.000000
6.570000	16.936528	0.000000
6.580000	16.936507	0.000000
6.590000	16.936496	0.000000
6.600000	16.936496	0.000000
6.610000	16.936499	0.000000
6.620000	16.936501	0.000000
6.630000	16.936501	0.000000
6.640000	16.936500	0.000000
6.650000	16.936500	0.000000
6.660000	16.936500	0.000000
6.670000	16.936500	0.000000
6.680000	16.936500	0.000000
6.690000	16.936500	0.000000
6.700000	16.936500	0.000000
6.710000	16.936500	0.000000
6.720000	16.936500	0.000000
6.730000	16.936500	0.000000
6.740000	16.936500	0.000000
6.750000	16.936500	0.000000
6.760000	16.936500	0.000000
6.770000	16.936500	0.000000
6.780000	16.936500	0.000000
6.790000	16.936500	0.000000
6.800000	16.936500	0.000000
6.810000	16.936500	0.000000
6.820000	16.936500	0.000000
6.830000	16.936500	0.000000
6.840000	16.936500	0.000000
6.850000	16.936500	0.000000
6.860000	16.936500	0.000000
6.870000	16.936500	0.000000
6.880000	16.936500	0.000000
6.890000	16.936500	0.000000
<END DATA>
