0.000000	16.993500	1.003782
0.010000	16.993500	1.003782
0.020000	16.993500	1.003782
0.030000	16.993500	1.003782
0.040000	16.993500	1.003782
0.050000	16.993500	1.003782
0.060000	16.993500	1.003782
0.070000	16.993500	1.003782
0.080000	16.993500	1.003782
0.090000	16.993500	1.003782
0.100000	16.993500	1.003782
0.110000	16.993500	1.003782
0.120000	16.993500	1.003782
0.130000	16.993500	1.003782
0.140000	16.993500	1.003782
0.150000	16.993500	1.003782
0.160000	16.993500	1.003782
0.170000	16.993500	1.003782
0.180000	16.993500	1.003782
0.190000	16.993500	1.003782
0.200000	16.994000	1.003782
0.210000	16.994000	1.003782
0.220000	16.994000	1.003782
0.230000	16.994000	1.003782
0.240000	16.994000	1.003782
0.250000	16.994000	1.003782
0.260000	16.994000	1.003782
0.270000	16.994000	1.003782
0.280000	16.994000	1.003782
0.290000	16.994000	1.003782
0.300000	16.994000	1.003782
0.310000	16.994000	1.003782
0.320000	16.994000	1.003782
0.330000	16.994000	1.003782
0.340000	16.994000	1.003782
0.350000	16.994000	1.003782
0.360000	16.994000	1.003782
0.370000	16.994000	1.003782
0.380000	16.994000	1.003782
0.390000	16.994000	1.003782
0.400000	16.994000	1.003782
0.410000	16.994000	1.003782
0.420000	16.994000	1.003782
0.430000	16.994000	1.003782
0.440000	16.994000	1.003782
0.450000	16.994000	1.003782
0.460000	16.994000	1.003782
0.470000	16.994000	1.003782
0.480000	16.994000	1.003782
0.490000	16.994000	1.003782
0.500000	16.994000	1.003782
0.510000	16.994000	1.003782
0.520000	16.994000	1.003782
0.530000	16.994000	1.003782
0.540000	16.994000	1.003782
0.550000	16.994000	1.003782
0.560000	16.994000	1.003782
0.570000	16.994000	1.003782
0.580000	16.994000	1.003782
0.590000	16.994000	1.003782
0.600000	16.994000	1.003782
0.610000	16.994000	1.003782
0.620000	16.994000	1.003782
0.630000	16.994000	1.003782
0.640000	16.994000	1.003782
0.650000	16.994000	1.003782
0.660000	16.994000	1.003782
0.670000	16.994000	1.003782
0.680000	16.994000	1.003782
0.690000	16.994000	1.003782
0.700000	16.994000	1.003782
0.710000	16.994000	1.003782
0.720000	16.994000	1.003782
0.730000	16.994000	1.003782
0.740000	16.994000	1.003782
0.750000	16.994000	1.003782
0.760000	16.994000	1.003782
0.770000	16.994000	1.003782
0.780000	16.994000	1.003782
0.790000	16.994000	1.003782
0.800000	16.994000	1.003782
0.810000	16.994000	1.003782
0.820000	16.994000	1.003782
0.830000	16.994000	1.003782
0.840000	16.994000	1.003782
0.850000	16.994000	1.003782
0.860000	16.994000	1.003782
0.870000	16.994000	1.003782
0.880000	16.994000	1.003782
0.890000	16.994000	1.003782
0.900000	16.994000	1.003782
0.910000	16.994000	1.003782
0.920000	16.994000	1.003782
0.930000	16.994000	1.003782
0.940000	16.994000	1.003782
0.950000	16.994000	1.003782
0.960000	16.994000	1.003782
0.970000	16.994000	1.003782
0.980000	16.994000	1.003782
0.990000	16.994000	1.003782
1.000000	16.994000	1.003782
1.010000	16.994000	1.003782
1.020000	16.994000	1.003782
1.030000	16.994000	1.003782
1.040000	16.994000	1.003782
1.050000	16.994000	1.003782
1.060000	16.994000	1.003782
1.070000	16.994000	1.003782
1.080000	16.994000	1.003782
1.090000	16.994000	1.003782
1.100000	16.994000	1.003782
1.110000	16.994000	1.003782
1.120000	16.994000	1.003782
1.130000	16.994000	1.003782
1.140000	16.994000	1.003782
1.150000	16.994000	1.003782
1.160000	16.994000	1.003782
1.170000	16.994012	1.003782
1.180000	16.994571	1.003782
1.190000	17.000168	1.505672
1.200000	17.017973	2.509454
1.210000	17.052710	4.015126
1.220000	17.107882	6.022690
1.230000	17.187154	9.535925
1.240000	17.295199	14.052942
1.250000	17.436524	19.573741
1.260000	17.612797	26.098322
1.270000	17.821803	33.626684
1.280000	18.058538	42.158827
1.290000	18.317871	51.192861
1.300000	18.594951	60.728787
1.310000	18.885371	70.264712
1.320000	19.184472	80.302528
1.330000	19.487955	89.838453
1.340000	19.791354	98.872487
1.350000	20.090569	107.906522
1.360000	20.381205	115.936775
1.370000	20.658566	123.465137
1.380000	20.918201	129.989717
1.390000	21.155383	136.012406
1.400000	21.365593	140.529424
1.410000	21.544206	144.042659
1.420000	21.688030	146.552113
1.430000	21.797512	148.057786
1.440000	21.876811	148.559676
1.450000	21.931231	148.057786
1.460000	21.965628	147.555895
1.470000	21.984669	146.552113
1.480000	21.992915	145.548332
1.490000	21.994968	144.544550
1.500000	21.994741	143.540768
1.510000	21.994360	142.536987
1.520000	21.994326	141.533205
1.530000	21.994444	141.031314
1.540000	21.994474	140.027533
1.550000	21.992809	139.023751
1.560000	21.983507	137.518079
1.570000	21.960249	135.510516
1.580000	21.918820	133.001062
1.590000	21.855692	128.985935
1.600000	21.766898	124.468918
1.610000	21.647651	118.948119
1.620000	21.494012	112.925430
1.630000	21.305773	106.400849
1.640000	21.086342	99.374378
1.650000	20.841023	91.344125
1.660000	20.575059	82.811982
1.670000	20.293060	74.279838
1.680000	19.999253	65.245804
1.690000	19.698232	55.709879
1.700000	19.394304	46.173953
1.710000	19.090162	37.139919
1.720000	18.786532	28.105885
1.730000	18.483211	19.573741
1.740000	18.179780	11.543488
1.750000	17.876088	4.517017
1.760000	17.572595	0.000000
1.770000	17.269171	-0.501891
1.780000	16.965511	0.000000
1.790000	16.661862	0.000000
1.800000	16.358564	0.000000
1.810000	16.055067	0.000000
1.820000	15.751537	0.000000
1.830000	15.448163	0.000000
1.840000	15.144734	0.000000
1.850000	14.841022	0.000000
1.860000	14.537574	0.501891
1.870000	14.234938	0.501891
1.880000	13.935309	0.501891
1.890000	13.643285	0.501891
1.900000	13.363870	0.501891
1.910000	13.101743	1.003782
1.920000	12.861503	1.003782
1.930000	12.647725	1.003782
1.940000	12.464901	1.003782
1.950000	12.316603	1.003782
1.960000	12.202763	1.003782
1.970000	12.119558	1.003782
1.980000	12.062104	0.501891
1.990000	12.025311	0.501891
2.000000	12.004632	0.501891
2.010000	11.995136	0.501891
2.020000	11.992385	0.501891
2.030000	11.992323	0.000000
2.040000	11.992625	0.000000
2.050000	11.992844	0.000000
2.060000	11.995094	0.501891
2.070000	12.006038	0.501891
2.080000	12.031938	1.003782
2.090000	12.076571	1.003782
2.100000	12.143702	1.003782
2.110000	12.237270	1.003782
2.120000	12.362115	1.505672
2.130000	12.521555	1.505672
2.140000	12.715220	1.003782
2.150000	12.939199	1.003782
2.160000	13.188173	1.003782
2.170000	13.456995	0.501891
2.180000	13.741147	0.501891
2.190000	14.036297	0.501891
2.200000	14.338166	0.000000
2.210000	14.642424	0.000000
2.220000	14.946557	0.000000
2.230000	15.250062	0.000000
2.240000	15.553273	0.000000
2.250000	15.856534	0.000000
2.260000	16.160066	0.000000
2.270000	16.463768	0.000000
2.280000	16.767349	0.000000
2.290000	17.070960	3.011345
2.300000	17.374530	11.041598
2.310000	17.677783	22.585086
2.320000	17.981192	34.128574
2.330000	18.284638	45.170172
2.340000	18.588106	54.706097
2.350000	18.891694	64.743913
2.360000	19.195382	74.279838
2.370000	19.498870	83.815763
2.380000	19.801195	92.849798
2.390000	20.099795	101.381941
2.400000	20.390139	109.412194
2.410000	20.667095	116.940556
2.420000	20.926100	123.967027
2.430000	21.162410	130.491608
2.440000	21.371629	136.012406
2.450000	21.549166	139.525642
2.460000	21.691864	142.035096
2.470000	21.800323	143.540768
2.480000	21.878810	144.544550
2.490000	21.932573	144.544550
2.500000	21.966436	144.042659
2.510000	21.985024	143.038878
2.520000	21.992969	142.035096
2.530000	21.994937	141.031314
2.540000	21.994723	140.027533
2.550000	21.994364	139.023751
2.560000	21.994334	138.521860
2.570000	21.994447	138.019970
2.580000	21.994250	137.016188
2.590000	21.990624	136.012406
2.600000	21.976871	134.506734
2.610000	21.947410	132.499171
2.620000	21.898572	128.985935
2.630000	21.826728	124.970809
2.640000	21.727518	119.951901
2.650000	21.596151	114.431102
2.660000	21.429841	108.408413
2.670000	21.229845	101.381941
2.680000	21.000506	94.355470
2.690000	20.747212	86.325217
2.700000	20.474957	77.291183
2.710000	20.188217	68.257149
2.720000	19.891348	59.223114
2.730000	19.588868	50.189080
2.740000	19.284668	41.155046
2.750000	18.980649	32.121011
2.760000	18.677102	23.588868
2.770000	18.373797	15.056724
2.780000	18.070326	7.528362
2.790000	17.766803	1.505672
2.800000	17.463344	-0.501891
2.810000	17.159711	-0.501891
2.820000	16.855939	0.000000
2.830000	16.552552	0.000000
2.840000	16.249310	0.000000
2.850000	15.945749	0.000000
2.860000	15.642213	0.000000
2.870000	15.338791	0.000000
2.880000	15.035174	0.000000
2.890000	14.731495	0.000000
2.900000	14.428270	0.000000
2.910000	14.126262	0.000000
2.920000	13.828819	0.501891
2.930000	13.540806	0.501891
2.940000	13.267153	0.501891
2.950000	13.012373	1.003782
2.960000	12.781127	1.003782
2.970000	12.577933	1.003782
2.980000	12.407265	1.505672
2.990000	12.271665	1.003782
3.000000	12.169420	1.003782
3.010000	12.096114	1.003782
3.020000	12.046700	1.003782
3.030000	12.016197	0.501891
3.040000	12.000001	0.501891
3.050000	11.993499	0.000000
3.060000	11.992154	0.000000
3.070000	11.992419	0.000000
3.080000	11.992795	0.000000
3.090000	11.994684	0.501891
3.100000	12.004453	0.501891
3.110000	12.028608	0.501891
3.120000	12.071207	1.003782
3.130000	12.135954	1.003782
3.140000	12.226682	1.003782
3.150000	12.348207	1.003782
3.160000	12.504148	1.505672
3.170000	12.694523	1.003782
3.180000	12.915762	1.003782
3.190000	13.162511	1.003782
3.200000	13.429569	0.501891
3.210000	13.712365	0.501891
3.220000	14.006595	0.501891
3.230000	14.307949	0.000000
3.240000	14.612157	0.000000
3.250000	14.916432	0.000000
3.260000	15.220118	0.000000
3.270000	15.523417	0.000000
3.280000	15.826511	0.000000
3.290000	16.129853	0.000000
3.300000	16.433482	0.000000
3.310000	16.737211	0.000000
3.320000	17.040930	1.505672
3.330000	17.344480	7.528362
3.340000	17.647732	18.068069
3.350000	17.950955	30.113448
3.360000	18.254353	40.653155
3.370000	18.558042	50.690971
3.380000	18.861647	60.226896
3.390000	19.165286	69.762821
3.400000	19.468818	79.298746
3.410000	19.771380	88.332781
3.420000	20.070464	97.366815
3.430000	20.361802	105.397068
3.440000	20.640317	112.925430
3.450000	20.901336	120.453792
3.460000	21.140096	126.476481
3.470000	21.352222	131.997280
3.480000	21.533062	136.012406
3.490000	21.679234	139.023751
3.500000	21.790934	141.031314
3.510000	21.872162	141.533205
3.520000	21.928197	142.035096
3.530000	21.963850	141.533205
3.540000	21.983753	140.529424
3.550000	21.992559	139.525642
3.560000	21.994925	139.023751
3.570000	21.994784	138.019970
3.580000	21.994383	137.016188
3.590000	21.994323	136.514297
3.600000	21.994434	136.012406
3.610000	21.994464	135.510516
3.620000	21.992823	134.506734
3.630000	21.983729	133.001062
3.640000	21.960907	130.993498
3.650000	21.920044	128.484044
3.660000	21.857642	124.468918
3.670000	21.769660	119.951901
3.680000	21.651359	114.932993
3.690000	21.498760	108.910303
3.700000	21.311484	102.385723
3.710000	21.092879	95.359252
3.720000	20.848250	87.830890
3.730000	20.582844	79.298746
3.740000	20.301277	70.264712
3.750000	20.007764	61.230677
3.760000	19.706899	52.196643
3.770000	19.403001	43.162609
3.780000	19.098823	34.128574
3.790000	18.795198	25.094540
3.800000	18.491885	17.064287
3.810000	18.188531	9.034034
3.820000	17.884973	2.509454
3.830000	17.581452	-0.501891
3.840000	17.277943	-0.501891
3.850000	16.974206	0.000000
3.860000	16.670604	0.000000
3.870000	16.367331	0.000000
3.880000	16.063890	0.000000
3.890000	15.760314	0.000000
3.900000	15.456882	0.000000
3.910000	15.153362	0.000000
3.920000	14.849672	0.000000
3.930000	14.546293	0.000000
3.940000	14.243614	0.000000
3.950000	13.943796	0.501891
3.960000	13.651437	0.501891
3.970000	13.371569	0.501891
3.980000	13.108908	1.003782
3.990000	12.868062	1.003782
4.000000	12.653475	1.003782
4.010000	12.469646	1.505672
4.020000	12.320324	1.505672
4.030000	12.205567	1.003782
4.040000	12.121543	1.003782
4.050000	12.063459	1.003782
4.060000	12.026120	0.501891
4.070000	12.004916	0.501891
4.080000	11.995140	0.501891
4.090000	11.992278	0.000000
4.100000	11.992228	0.000000
4.110000	11.992604	0.000000
4.120000	11.993031	0.000000
4.130000	11.996608	0.501891
4.140000	12.010521	0.501891
4.150000	12.040187	1.003782
4.160000	12.089438	1.003782
4.170000	12.162048	1.003782
4.180000	12.262121	1.003782
4.190000	12.394492	1.505672
4.200000	12.561713	1.505672
4.210000	12.762499	1.003782
4.220000	12.992452	1.003782
4.230000	13.246218	1.003782
4.240000	13.518768	0.501891
4.250000	13.805707	0.501891
4.260000	14.102658	0.501891
4.270000	14.405406	0.000000
4.280000	14.709906	0.000000
4.290000	15.013948	0.000000
4.300000	15.317243	0.000000
4.310000	15.620394	0.000000
4.320000	15.923595	0.000000
4.330000	16.227076	0.000000
4.340000	16.530886	0.000000
4.350000	16.834613	0.000000
4.360000	17.138213	2.007563
4.370000	17.441625	9.535925
4.380000	17.744860	20.577523
4.390000	18.048164	31.619120
4.400000	18.351718	42.660718
4.410000	18.655436	52.196643
4.420000	18.959110	61.732568
4.430000	19.262681	71.268493
4.440000	19.565928	80.804419
4.450000	19.867713	89.336562
4.460000	20.164897	97.868706
4.470000	20.452745	105.898959
4.480000	20.726154	113.929211
4.490000	20.980540	120.453792
4.500000	21.211254	126.476481
4.510000	21.413858	131.495389
4.520000	21.583793	135.510516
4.530000	21.718667	138.019970
4.540000	21.820011	139.525642
4.550000	21.892635	140.027533
4.560000	21.941672	140.027533
4.570000	21.971757	139.525642
4.580000	21.987583	139.023751
4.590000	21.993805	138.019970
4.600000	21.994993	137.518079
4.610000	21.994619	136.514297
4.620000	21.994327	135.510516
4.630000	21.994354	135.008625
4.640000	21.994468	134.506734
4.650000	21.994107	133.502952
4.660000	21.989553	133.001062
4.670000	21.974077	130.993498
4.680000	21.942440	128.985935
4.690000	21.891042	125.472700
4.700000	21.816133	121.457573
4.710000	21.713264	116.438665
4.720000	21.577773	110.917867
4.730000	21.407274	104.393286
4.740000	21.203447	97.868706
4.750000	20.970901	90.340344
4.760000	20.715063	82.310091
4.770000	20.440841	73.777947
4.780000	20.152636	64.743913
4.790000	19.854825	55.709879
4.800000	19.551925	46.675844
4.810000	19.247658	37.139919
4.820000	18.943716	28.607776
4.830000	18.640283	20.075632
4.840000	18.337024	12.045379
4.850000	18.033397	5.018908
4.860000	17.729776	0.501891
4.870000	17.426359	-1.003782
4.880000	17.122866	-0.501891
4.890000	16.819153	0.000000
4.900000	16.515698	0.501891
4.910000	16.212383	0.000000
4.920000	15.908790	0.000000
4.930000	15.605327	0.000000
4.940000	15.301944	0.000000
4.950000	14.998307	0.000000
4.960000	14.694640	0.000000
4.970000	14.391490	0.000000
4.980000	14.089811	0.000000
4.990000	13.793248	0.501891
5.000000	13.506702	0.501891
5.010000	13.235054	1.003782
5.020000	12.982950	1.003782
5.030000	12.754913	1.003782
5.040000	12.555462	1.505672
5.050000	12.388953	1.505672
5.060000	12.257565	1.003782
5.070000	12.159104	1.003782
5.080000	12.088976	1.003782
5.090000	12.042087	0.501891
5.100000	12.013567	0.501891
5.110000	11.998794	0.501891
5.120000	11.993134	0.501891
5.130000	11.992248	0.000000
5.140000	11.992577	0.000000
5.150000	11.992737	0.000000
5.160000	11.993148	0.000000
5.170000	11.997687	0.501891
5.180000	12.013468	0.501891
5.190000	12.045546	0.501891
5.200000	12.097663	0.501891
5.210000	12.173556	1.003782
5.220000	12.277479	1.003782
5.230000	12.414224	1.505672
5.240000	12.585956	1.505672
5.250000	12.790931	1.003782
5.260000	13.024361	1.003782
5.270000	13.280824	1.003782
5.280000	13.555460	0.501891
5.290000	13.843986	0.501891
5.300000	14.142003	0.501891
5.310000	14.445239	0.501891
5.320000	14.749716	0.000000
5.330000	15.053501	0.000000
5.340000	15.356764	0.000000
5.350000	15.659972	0.000000
5.360000	15.963233	0.000000
5.370000	16.266776	0.000000
5.380000	16.570522	0.000000
5.390000	16.874210	0.000000
5.400000	17.177865	2.007563
5.410000	17.481361	9.535925
5.420000	17.784593	20.577523
5.430000	18.087976	32.121011
5.440000	18.391575	42.660718
5.450000	18.695226	52.698534
5.460000	18.998823	61.732568
5.470000	19.302335	71.268493
5.480000	19.605459	80.302528
5.490000	19.906839	89.336562
5.500000	20.203141	97.868706
5.510000	20.489416	105.898959
5.520000	20.760630	113.427321
5.530000	21.012172	120.453792
5.540000	21.239401	126.476481
5.550000	21.437963	130.993498
5.560000	21.603413	134.506734
5.570000	21.733808	137.016188
5.580000	21.831122	138.521860
5.590000	21.900345	139.023751
5.600000	21.946566	139.023751
5.610000	21.974495	138.521860
5.620000	21.988808	138.019970
5.630000	21.994144	137.016188
5.640000	21.994979	136.012406
5.650000	21.994564	135.510516
5.660000	21.994317	134.506734
5.670000	21.994348	134.004843
5.680000	21.993379	133.001062
5.690000	21.986068	131.997280
5.700000	21.965792	129.989717
5.710000	21.927966	127.480263
5.720000	21.869212	123.967027
5.730000	21.785557	119.450010
5.740000	21.672322	113.929211
5.750000	21.525296	108.408413
5.760000	21.343376	102.385723
5.770000	21.129472	95.359252
5.780000	20.888677	87.328999
5.790000	20.626209	78.796855
5.800000	20.346911	70.264712
5.810000	20.055042	61.732568
5.820000	19.755005	52.196643
5.830000	19.451310	43.162609
5.840000	19.147085	34.128574
5.850000	18.843327	25.596431
5.860000	18.539954	17.064287
5.870000	18.236638	9.034034
5.880000	17.933123	3.011345
5.890000	17.629570	0.000000
5.900000	17.326023	-0.501891
5.910000	17.022288	0.000000
5.920000	16.718676	0.000000
5.930000	16.415436	0.000000
5.940000	16.111967	0.000000
5.950000	15.808384	0.000000
5.960000	15.504966	0.000000
5.970000	15.201546	0.000000
5.980000	14.897898	0.000000
5.990000	14.594383	0.000000
6.000000	14.291516	0.000000
6.010000	13.990984	0.501891
6.020000	13.697120	0.501891
6.030000	13.414958	0.501891
6.040000	13.149246	0.501891
6.050000	12.904616	1.003782
6.060000	12.685522	1.003782
6.070000	12.496529	1.505672
6.080000	12.341678	1.505672
6.090000	12.221627	1.003782
6.100000	12.133041	1.003782
6.110000	12.071160	1.003782
6.120000	12.030847	0.501891
6.130000	12.007426	0.501891
6.140000	11.996209	0.501891
6.150000	11.992610	0.501891
6.160000	11.992343	0.000000
6.170000	11.992636	0.501891
6.180000	11.992682	0.000000
6.190000	11.992606	0.000000
6.200000	11.993113	0.000000
6.210000	11.998128	0.501891
6.220000	12.014593	0.501891
6.230000	12.047420	1.003782
6.240000	12.100365	1.003782
6.250000	12.177318	1.003782
6.260000	12.282565	1.505672
6.270000	12.420780	1.505672
6.280000	12.593981	1.505672
6.290000	12.800196	1.003782
6.300000	13.034681	1.003782
6.310000	13.292066	1.003782
6.320000	13.567478	1.003782
6.330000	13.856623	0.501891
6.340000	14.155044	0.501891
6.350000	14.458305	0.000000
6.360000	14.762103	0.000000
6.370000	15.061969	0.000000
6.380000	15.353603	-0.501891
6.390000	15.632340	-0.501891
6.400000	15.893740	-0.501891
6.410000	16.133241	-0.501891
6.420000	16.346313	-1.003782
6.430000	16.528269	-1.003782
6.440000	16.675609	-1.003782
6.450000	16.788220	-1.003782
6.460000	16.870247	-1.003782
6.470000	16.926932	-1.003782
6.480000	16.963161	-0.501891
6.490000	16.983461	-0.501891
6.500000	16.992450	0.000000
6.510000	16.994877	0.000000
6.520000	16.994766	0.000000
6.530000	16.994381	0.000000
6.540000	16.994325	0.000000
6.550000	16.994435	0.000000
6.560000	16.994515	0.000000
6.570000	16.994525	0.000000
6.580000	16.994508	0.000000
6.590000	16.994497	0.000000
6.600000	16.994496	0.000000
6.610000	16.994499	0.000000
6.620000	16.994501	0.000000
6.630000	16.994501	0.000000
6.640000	16.994500	0.000000
6.650000	16.994500	0.000000
6.660000	16.994500	0.000000
6.670000	16.994500	0.000000
6.680000	16.994500	0.000000
6.690000	16.994500	0.000000
6.700000	16.994500	0.000000
6.710000	16.994500	0.000000
6.720000	16.994500	0.000000
6.730000	16.994500	0.000000
6.740000	16.994500	0.000000
6.750000	16.994500	0.000000
6.760000	16.994500	0.000000
6.770000	16.994500	0.000000
6.780000	16.994500	0.000000
6.790000	16.994500	0.000000
6.800000	16.994500	0.000000
6.810000	16.994500	0.000000
6.820000	16.994500	0.000000
6.830000	16.994500	0.000000
6.840000	16.994500	0.000000
6.850000	16.994500	0.000000
6.860000	16.994500	0.000000
6.870000	16.994498	0.000000
6.880000	16.994360	0.000000
6.890000	16.994118	0.000000